Linux 6.12.47+rpt-rpi-v8 (host1) 	09/12/25 	_aarch64_	(4 CPU)

16:34:33     CPU    %usr   %nice    %sys %iowait    %irq   %soft  %steal  %guest  %gnice   %idle
16:34:34     all    0.00    0.00    0.54    0.00    0.00   30.43    0.00    0.00    0.00   69.02
16:34:34       0    0.00    0.00    1.10    0.00    0.00    5.49    0.00    0.00    0.00   93.41
16:34:34       1    0.00    0.00    0.00    0.00    0.00  100.00    0.00    0.00    0.00    0.00
16:34:34       2    0.00    0.00    1.14    0.00    0.00    3.41    0.00    0.00    0.00   95.45
16:34:34       3    0.00    0.00    0.00    0.00    0.00    4.49    0.00    0.00    0.00   95.51

16:34:34     CPU    %usr   %nice    %sys %iowait    %irq   %soft  %steal  %guest  %gnice   %idle
16:34:35     all    0.00    0.00    0.54    0.00    0.00   31.81    0.00    0.00    0.00   67.65
16:34:35       0    0.00    0.00    1.14    0.00    0.00    4.55    0.00    0.00    0.00   94.32
16:34:35       1    0.00    0.00    0.00    0.00    0.00  100.00    0.00    0.00    0.00    0.00
16:34:35       2    0.00    0.00    0.00    0.00    0.00    7.69    0.00    0.00    0.00   92.31
16:34:35       3    0.00    0.00    1.09    0.00    0.00    7.61    0.00    0.00    0.00   91.30

16:34:35     CPU    %usr   %nice    %sys %iowait    %irq   %soft  %steal  %guest  %gnice   %idle
16:34:36     all    0.00    0.00    0.28    0.00    0.00   31.58    0.00    0.00    0.00   68.14
16:34:36       0    0.00    0.00    0.00    0.00    0.00    4.71    0.00    0.00    0.00   95.29
16:34:36       1    0.00    0.00    0.00    0.00    0.00  100.00    0.00    0.00    0.00    0.00
16:34:36       2    0.00    0.00    0.00    0.00    0.00    5.75    0.00    0.00    0.00   94.25
16:34:36       3    0.00    0.00    1.12    0.00    0.00    5.62    0.00    0.00    0.00   93.26

16:34:36     CPU    %usr   %nice    %sys %iowait    %irq   %soft  %steal  %guest  %gnice   %idle
16:34:37     all    0.00    0.00    0.55    0.00    0.00   31.04    0.00    0.00    0.00   68.41
16:34:37       0    0.00    0.00    1.11    0.00    0.00    6.67    0.00    0.00    0.00   92.22
16:34:37       1    0.00    0.00    0.00    0.00    0.00  100.00    0.00    0.00    0.00    0.00
16:34:37       2    0.00    0.00    1.16    0.00    0.00    3.49    0.00    0.00    0.00   95.35
16:34:37       3    0.00    0.00    0.00    0.00    0.00    4.55    0.00    0.00    0.00   95.45

16:34:37     CPU    %usr   %nice    %sys %iowait    %irq   %soft  %steal  %guest  %gnice   %idle
16:34:38     all    0.00    0.00    0.55    0.00    0.00   32.24    0.00    0.00    0.00   67.21
16:34:38       0    0.00    0.00    1.12    0.00    0.00    7.87    0.00    0.00    0.00   91.01
16:34:38       1    0.00    0.00    0.00    0.00    0.00  100.00    0.00    0.00    0.00    0.00
16:34:38       2    0.00    0.00    1.11    0.00    0.00    6.67    0.00    0.00    0.00   92.22
16:34:38       3    0.00    0.00    0.00    0.00    0.00    5.75    0.00    0.00    0.00   94.25

16:34:38     CPU    %usr   %nice    %sys %iowait    %irq   %soft  %steal  %guest  %gnice   %idle
16:34:39     all    0.00    0.00    0.27    0.00    0.00   32.79    0.00    0.00    0.00   66.94
16:34:39       0    0.00    0.00    0.00    0.00    0.00   11.96    0.00    0.00    0.00   88.04
16:34:39       1    0.00    0.00    0.00    0.00    0.00  100.00    0.00    0.00    0.00    0.00
16:34:39       2    0.00    0.00    0.00    0.00    0.00    3.53    0.00    0.00    0.00   96.47
16:34:39       3    0.00    0.00    1.12    0.00    0.00    6.74    0.00    0.00    0.00   92.13

16:34:39     CPU    %usr   %nice    %sys %iowait    %irq   %soft  %steal  %guest  %gnice   %idle
16:34:40     all    0.00    0.00    0.55    0.00    0.00   31.49    0.00    0.00    0.00   67.96
16:34:40       0    0.00    0.00    1.16    0.00    0.00    4.65    0.00    0.00    0.00   94.19
16:34:40       1    0.00    0.00    0.00    0.00    0.00  100.00    0.00    0.00    0.00    0.00
16:34:40       2    0.00    0.00    0.00    0.00    0.00    5.75    0.00    0.00    0.00   94.25
16:34:40       3    0.00    0.00    1.12    0.00    0.00    5.62    0.00    0.00    0.00   93.26

16:34:40     CPU    %usr   %nice    %sys %iowait    %irq   %soft  %steal  %guest  %gnice   %idle
16:34:41     all    0.00    0.00    1.10    0.00    0.00   31.13    0.00    0.00    0.00   67.77
16:34:41       0    0.00    0.00    0.00    0.00    0.00    4.71    0.00    0.00    0.00   95.29
16:34:41       1    0.00    0.00    0.00    0.00    0.00  100.00    0.00    0.00    0.00    0.00
16:34:41       2    0.00    0.00    2.25    0.00    0.00    5.62    0.00    0.00    0.00   92.13
16:34:41       3    0.00    0.00    2.25    0.00    0.00    4.49    0.00    0.00    0.00   93.26

16:34:41     CPU    %usr   %nice    %sys %iowait    %irq   %soft  %steal  %guest  %gnice   %idle
16:34:42     all    0.00    0.00    0.56    0.00    0.00   30.73    0.00    0.00    0.00   68.72
16:34:42       0    0.00    0.00    1.16    0.00    0.00    3.49    0.00    0.00    0.00   95.35
16:34:42       1    0.00    0.00    0.00    0.00    0.00  100.00    0.00    0.00    0.00    0.00
16:34:42       2    0.00    0.00    0.00    0.00    0.00    4.65    0.00    0.00    0.00   95.35
16:34:42       3    0.00    0.00    1.16    0.00    0.00    3.49    0.00    0.00    0.00   95.35

16:34:42     CPU    %usr   %nice    %sys %iowait    %irq   %soft  %steal  %guest  %gnice   %idle
16:34:43     all    0.00    0.00    0.55    0.00    0.00   31.69    0.00    0.00    0.00   67.76
16:34:43       0    0.00    0.00    2.20    0.00    0.00    7.69    0.00    0.00    0.00   90.11
16:34:43       1    0.00    0.00    0.00    0.00    0.00  100.00    0.00    0.00    0.00    0.00
16:34:43       2    0.00    0.00    0.00    0.00    0.00    5.75    0.00    0.00    0.00   94.25
16:34:43       3    0.00    0.00    0.00    0.00    0.00    4.55    0.00    0.00    0.00   95.45

16:34:43     CPU    %usr   %nice    %sys %iowait    %irq   %soft  %steal  %guest  %gnice   %idle
16:34:44     all    0.27    0.00    0.55    0.00    0.00   32.33    0.00    0.00    0.00   66.85
16:34:44       0    1.10    0.00    1.10    0.00    0.00    8.79    0.00    0.00    0.00   89.01
16:34:44       1    0.00    0.00    0.00    0.00    0.00  100.00    0.00    0.00    0.00    0.00
16:34:44       2    0.00    0.00    1.15    0.00    0.00    5.75    0.00    0.00    0.00   93.10
16:34:44       3    0.00    0.00    0.00    0.00    0.00    5.75    0.00    0.00    0.00   94.25

16:34:44     CPU    %usr   %nice    %sys %iowait    %irq   %soft  %steal  %guest  %gnice   %idle
16:34:45     all    0.00    0.00    0.54    0.00    0.00   33.15    0.00    0.00    0.00   66.31
16:34:45       0    0.00    0.00    1.11    0.00    0.00    8.89    0.00    0.00    0.00   90.00
16:34:45       1    0.00    0.00    0.00    0.00    0.00  100.00    0.00    0.00    0.00    0.00
16:34:45       2    0.00    0.00    0.00    0.00    0.00    8.79    0.00    0.00    0.00   91.21
16:34:45       3    0.00    0.00    1.11    0.00    0.00    7.78    0.00    0.00    0.00   91.11

16:34:45     CPU    %usr   %nice    %sys %iowait    %irq   %soft  %steal  %guest  %gnice   %idle
16:34:46     all    0.00    0.00    0.28    0.00    0.00   31.77    0.00    0.00    0.00   67.96
16:34:46       0    0.00    0.00    0.00    0.00    0.00    5.81    0.00    0.00    0.00   94.19
16:34:46       1    0.00    0.00    0.00    0.00    0.00  100.00    0.00    0.00    0.00    0.00
16:34:46       2    0.00    0.00    0.00    0.00    0.00    7.87    0.00    0.00    0.00   92.13
16:34:46       3    0.00    0.00    1.15    0.00    0.00    3.45    0.00    0.00    0.00   95.40

16:34:46     CPU    %usr   %nice    %sys %iowait    %irq   %soft  %steal  %guest  %gnice   %idle
16:34:47     all    0.00    0.00    0.54    0.00    0.00   32.43    0.00    0.00    0.00   67.03
16:34:47       0    0.00    0.00    1.12    0.00    0.00    7.87    0.00    0.00    0.00   91.01
16:34:47       1    0.00    0.00    0.00    0.00    0.00  100.00    0.00    0.00    0.00    0.00
16:34:47       2    0.00    0.00    1.11    0.00    0.00    7.78    0.00    0.00    0.00   91.11
16:34:47       3    0.00    0.00    0.00    0.00    0.00    5.68    0.00    0.00    0.00   94.32

16:34:47     CPU    %usr   %nice    %sys %iowait    %irq   %soft  %steal  %guest  %gnice   %idle
16:34:48     all    0.00    0.00    0.55    0.00    0.00   31.49    0.00    0.00    0.00   67.96
16:34:48       0    0.00    0.00    1.15    0.00    0.00    5.75    0.00    0.00    0.00   93.10
16:34:48       1    0.00    0.00    0.00    0.00    0.00  100.00    0.00    0.00    0.00    0.00
16:34:48       2    0.00    0.00    0.00    0.00    0.00    7.87    0.00    0.00    0.00   92.13
16:34:48       3    0.00    0.00    1.16    0.00    0.00    2.33    0.00    0.00    0.00   96.51

16:34:48     CPU    %usr   %nice    %sys %iowait    %irq   %soft  %steal  %guest  %gnice   %idle
16:34:49     all    0.00    0.00    0.82    0.00    0.00   31.59    0.00    0.00    0.00   67.58
16:34:49       0    0.00    0.00    2.20    0.00    0.00    8.79    0.00    0.00    0.00   89.01
16:34:49       1    0.00    0.00    0.00    0.00    0.00  100.00    0.00    0.00    0.00    0.00
16:34:49       2    0.00    0.00    1.16    0.00    0.00    3.49    0.00    0.00    0.00   95.35
16:34:49       3    0.00    0.00    0.00    0.00    0.00    4.60    0.00    0.00    0.00   95.40

16:34:49     CPU    %usr   %nice    %sys %iowait    %irq   %soft  %steal  %guest  %gnice   %idle
16:34:50     all    0.00    0.00    0.82    0.00    0.00   31.97    0.00    0.00    0.00   67.21
16:34:50       0    0.00    0.00    2.22    0.00    0.00    7.78    0.00    0.00    0.00   90.00
16:34:50       1    0.00    0.00    0.00    0.00    0.00  100.00    0.00    0.00    0.00    0.00
16:34:50       2    0.00    0.00    0.00    0.00    0.00    6.82    0.00    0.00    0.00   93.18
16:34:50       3    0.00    0.00    1.15    0.00    0.00    3.45    0.00    0.00    0.00   95.40

16:34:50     CPU    %usr   %nice    %sys %iowait    %irq   %soft  %steal  %guest  %gnice   %idle
16:34:51     all    0.00    0.00    0.54    0.00    0.00   33.78    0.00    0.00    0.00   65.68
16:34:51       0    0.00    0.00    0.00    0.00    0.00    9.09    0.00    0.00    0.00   90.91
16:34:51       1    0.00    0.00    0.00    0.00    0.00  100.00    0.00    0.00    0.00    0.00
16:34:51       2    0.00    0.00    1.08    0.00    0.00   11.83    0.00    0.00    0.00   87.10
16:34:51       3    0.00    0.00    1.09    0.00    0.00    7.61    0.00    0.00    0.00   91.30

16:34:51     CPU    %usr   %nice    %sys %iowait    %irq   %soft  %steal  %guest  %gnice   %idle
16:34:52     all    0.00    0.00    0.27    0.00    0.00   31.87    0.00    0.00    0.00   67.86
16:34:52       0    0.00    0.00    1.11    0.00    0.00    7.78    0.00    0.00    0.00   91.11
16:34:52       1    0.00    0.00    0.00    0.00    0.00  100.00    0.00    0.00    0.00    0.00
16:34:52       2    0.00    0.00    0.00    0.00    0.00    5.75    0.00    0.00    0.00   94.25
16:34:52       3    0.00    0.00    0.00    0.00    0.00    4.60    0.00    0.00    0.00   95.40

16:34:52     CPU    %usr   %nice    %sys %iowait    %irq   %soft  %steal  %guest  %gnice   %idle
16:34:53     all    0.00    0.00    0.27    0.00    0.00   32.14    0.00    0.00    0.00   67.58
16:34:53       0    0.00    0.00    1.11    0.00    0.00    8.89    0.00    0.00    0.00   90.00
16:34:53       1    0.00    0.00    0.00    0.00    0.00  100.00    0.00    0.00    0.00    0.00
16:34:53       2    0.00    0.00    0.00    0.00    0.00    5.75    0.00    0.00    0.00   94.25
16:34:53       3    0.00    0.00    0.00    0.00    0.00    4.60    0.00    0.00    0.00   95.40

16:34:53     CPU    %usr   %nice    %sys %iowait    %irq   %soft  %steal  %guest  %gnice   %idle
16:34:54     all    0.00    0.00    0.27    0.00    0.00   31.87    0.00    0.00    0.00   67.86
16:34:54       0    0.00    0.00    0.00    0.00    0.00    7.95    0.00    0.00    0.00   92.05
16:34:54       1    0.00    0.00    0.00    0.00    0.00  100.00    0.00    0.00    0.00    0.00
16:34:54       2    0.00    0.00    1.15    0.00    0.00    4.60    0.00    0.00    0.00   94.25
16:34:54       3    0.00    0.00    0.00    0.00    0.00    5.62    0.00    0.00    0.00   94.38

16:34:54     CPU    %usr   %nice    %sys %iowait    %irq   %soft  %steal  %guest  %gnice   %idle
16:34:55     all    0.00    0.00    0.82    0.00    0.00   32.43    0.00    0.00    0.00   66.76
16:34:55       0    0.00    0.00    1.12    0.00    0.00    7.87    0.00    0.00    0.00   91.01
16:34:55       1    0.00    0.00    0.00    0.00    0.00  100.00    0.00    0.00    0.00    0.00
16:34:55       2    0.00    0.00    1.11    0.00    0.00    7.78    0.00    0.00    0.00   91.11
16:34:55       3    0.00    0.00    1.14    0.00    0.00    5.68    0.00    0.00    0.00   93.18

16:34:55     CPU    %usr   %nice    %sys %iowait    %irq   %soft  %steal  %guest  %gnice   %idle
16:34:56     all    0.00    0.00    0.83    0.28    0.00   30.75    0.00    0.00    0.00   68.14
16:34:56       0    0.00    0.00    0.00    0.00    0.00    4.76    0.00    0.00    0.00   95.24
16:34:56       1    0.00    0.00    0.00    0.00    0.00  100.00    0.00    0.00    0.00    0.00
16:34:56       2    0.00    0.00    2.27    0.00    0.00    4.55    0.00    0.00    0.00   93.18
16:34:56       3    0.00    0.00    1.12    1.12    0.00    3.37    0.00    0.00    0.00   94.38

16:34:56     CPU    %usr   %nice    %sys %iowait    %irq   %soft  %steal  %guest  %gnice   %idle
16:34:57     all    0.00    0.00    0.81    0.00    0.00   29.57    0.00    0.00    0.00   69.62
16:34:57       0    0.00    0.00    1.08    0.00    0.00    9.68    0.00    0.00    0.00   89.25
16:34:57       1    0.00    0.00    0.00    0.00    0.00   92.00    0.00    0.00    0.00    8.00
16:34:57       2    0.00    0.00    1.12    0.00    0.00    4.49    0.00    0.00    0.00   94.38
16:34:57       3    0.00    0.00    1.11    0.00    0.00    5.56    0.00    0.00    0.00   93.33

16:34:57     CPU    %usr   %nice    %sys %iowait    %irq   %soft  %steal  %guest  %gnice   %idle
16:34:58     all    0.00    0.00    0.00    0.00    0.00    2.03    0.00    0.00    0.00   97.97
16:34:58       0    0.00    0.00    0.00    0.00    0.00    0.00    0.00    0.00    0.00  100.00
16:34:58       1    0.00    0.00    0.00    0.00    0.00    0.00    0.00    0.00    0.00  100.00
16:34:58       2    0.00    0.00    0.00    0.00    0.00    7.00    0.00    0.00    0.00   93.00
16:34:58       3    0.00    0.00    0.00    0.00    0.00    1.01    0.00    0.00    0.00   98.99

16:34:58     CPU    %usr   %nice    %sys %iowait    %irq   %soft  %steal  %guest  %gnice   %idle
16:34:59     all    0.00    0.00    0.27    0.00    0.00   31.51    0.00    0.00    0.00   68.22
16:34:59       0    0.00    0.00    0.00    0.00    0.00    4.55    0.00    0.00    0.00   95.45
16:34:59       1    0.00    0.00    0.00    0.00    0.00    4.55    0.00    0.00    0.00   95.45
16:34:59       2    0.00    0.00    0.00    0.00    0.00  100.00    0.00    0.00    0.00    0.00
16:34:59       3    0.00    0.00    1.12    0.00    0.00    7.87    0.00    0.00    0.00   91.01

16:34:59     CPU    %usr   %nice    %sys %iowait    %irq   %soft  %steal  %guest  %gnice   %idle
16:35:00     all    0.00    0.00    1.09    0.00    0.00   31.15    0.00    0.00    0.00   67.76
16:35:00       0    0.00    0.00    1.12    0.00    0.00    4.49    0.00    0.00    0.00   94.38
16:35:00       1    0.00    0.00    1.15    0.00    0.00    3.45    0.00    0.00    0.00   95.40
16:35:00       2    0.00    0.00    0.00    0.00    0.00  100.00    0.00    0.00    0.00    0.00
16:35:00       3    0.00    0.00    2.22    0.00    0.00    7.78    0.00    0.00    0.00   90.00

16:35:00     CPU    %usr   %nice    %sys %iowait    %irq   %soft  %steal  %guest  %gnice   %idle
16:35:01     all    0.00    0.00    0.55    0.00    0.00   31.51    0.00    0.00    0.00   67.95
16:35:01       0    0.00    0.00    0.00    0.00    0.00    6.67    0.00    0.00    0.00   93.33
16:35:01       1    0.00    0.00    1.16    0.00    0.00    3.49    0.00    0.00    0.00   95.35
16:35:01       2    0.00    0.00    0.00    0.00    0.00  100.00    0.00    0.00    0.00    0.00
16:35:01       3    0.00    0.00    1.12    0.00    0.00    6.74    0.00    0.00    0.00   92.13

16:35:01     CPU    %usr   %nice    %sys %iowait    %irq   %soft  %steal  %guest  %gnice   %idle
16:35:02     all    0.28    0.00    1.11    0.00    0.00   31.75    0.00    0.00    0.00   66.85
16:35:02       0    0.00    0.00    1.15    0.00    0.00    5.75    0.00    0.00    0.00   93.10
16:35:02       1    1.16    0.00    2.33    0.00    0.00    4.65    0.00    0.00    0.00   91.86
16:35:02       2    0.00    0.00    0.00    0.00    0.00  100.00    0.00    0.00    0.00    0.00
16:35:02       3    0.00    0.00    1.16    0.00    0.00    5.81    0.00    0.00    0.00   93.02

16:35:02     CPU    %usr   %nice    %sys %iowait    %irq   %soft  %steal  %guest  %gnice   %idle
16:35:03     all    0.00    0.00    0.27    0.00    0.00   31.87    0.00    0.00    0.00   67.86
16:35:03       0    0.00    0.00    0.00    0.00    0.00    4.60    0.00    0.00    0.00   95.40
16:35:03       1    0.00    0.00    0.00    0.00    0.00    6.82    0.00    0.00    0.00   93.18
16:35:03       2    0.00    0.00    0.00    0.00    0.00  100.00    0.00    0.00    0.00    0.00
16:35:03       3    0.00    0.00    1.12    0.00    0.00    6.74    0.00    0.00    0.00   92.13

16:35:03     CPU    %usr   %nice    %sys %iowait    %irq   %soft  %steal  %guest  %gnice   %idle
16:35:04     all    0.00    0.00    0.55    0.00    0.00   31.58    0.00    0.00    0.00   67.87
16:35:04       0    0.00    0.00    1.14    0.00    0.00    5.68    0.00    0.00    0.00   93.18
16:35:04       1    0.00    0.00    1.14    0.00    0.00    6.82    0.00    0.00    0.00   92.05
16:35:04       2    0.00    0.00    0.00    0.00    0.00  100.00    0.00    0.00    0.00    0.00
16:35:04       3    0.00    0.00    0.00    0.00    0.00    3.53    0.00    0.00    0.00   96.47

16:35:04     CPU    %usr   %nice    %sys %iowait    %irq   %soft  %steal  %guest  %gnice   %idle
16:35:05     all    0.00    0.00    0.55    0.00    0.00   31.68    0.00    0.00    0.00   67.77
16:35:05       0    0.00    0.00    1.11    0.00    0.00    6.67    0.00    0.00    0.00   92.22
16:35:05       1    0.00    0.00    1.16    0.00    0.00    4.65    0.00    0.00    0.00   94.19
16:35:05       2    0.00    0.00    0.00    0.00    0.00  100.00    0.00    0.00    0.00    0.00
16:35:05       3    0.00    0.00    0.00    0.00    0.00    5.75    0.00    0.00    0.00   94.25

16:35:05     CPU    %usr   %nice    %sys %iowait    %irq   %soft  %steal  %guest  %gnice   %idle
16:35:06     all    0.27    0.00    0.27    0.00    0.00   32.33    0.00    0.00    0.00   67.12
16:35:06       0    1.15    0.00    0.00    0.00    0.00    4.60    0.00    0.00    0.00   94.25
16:35:06       1    0.00    0.00    0.00    0.00    0.00    8.99    0.00    0.00    0.00   91.01
16:35:06       2    0.00    0.00    0.00    0.00    0.00  100.00    0.00    0.00    0.00    0.00
16:35:06       3    0.00    0.00    1.12    0.00    0.00    6.74    0.00    0.00    0.00   92.13

16:35:06     CPU    %usr   %nice    %sys %iowait    %irq   %soft  %steal  %guest  %gnice   %idle
16:35:07     all    0.00    0.00    1.09    0.00    0.00   31.69    0.00    0.00    0.00   67.21
16:35:07       0    0.00    0.00    0.00    0.00    0.00    4.60    0.00    0.00    0.00   95.40
16:35:07       1    0.00    0.00    2.22    0.00    0.00    6.67    0.00    0.00    0.00   91.11
16:35:07       2    0.00    0.00    0.00    0.00    0.00  100.00    0.00    0.00    0.00    0.00
16:35:07       3    0.00    0.00    2.25    0.00    0.00    6.74    0.00    0.00    0.00   91.01

16:35:07     CPU    %usr   %nice    %sys %iowait    %irq   %soft  %steal  %guest  %gnice   %idle
16:35:08     all    0.00    0.00    0.55    0.27    0.00   31.32    0.00    0.00    0.00   67.86
16:35:08       0    0.00    0.00    1.14    0.00    0.00    3.41    0.00    0.00    0.00   95.45
16:35:08       1    0.00    0.00    0.00    0.00    0.00    3.49    0.00    0.00    0.00   96.51
16:35:08       2    0.00    0.00    0.00    0.00    0.00  100.00    0.00    0.00    0.00    0.00
16:35:08       3    0.00    0.00    1.11    1.11    0.00    8.89    0.00    0.00    0.00   88.89

16:35:08     CPU    %usr   %nice    %sys %iowait    %irq   %soft  %steal  %guest  %gnice   %idle
16:35:09     all    0.00    0.00    1.09    0.00    0.00   31.79    0.00    0.00    0.00   67.12
16:35:09       0    0.00    0.00    1.15    0.00    0.00    3.45    0.00    0.00    0.00   95.40
16:35:09       1    0.00    0.00    2.22    0.00    0.00    6.67    0.00    0.00    0.00   91.11
16:35:09       2    0.00    0.00    0.00    0.00    0.00  100.00    0.00    0.00    0.00    0.00
16:35:09       3    0.00    0.00    1.10    0.00    0.00    8.79    0.00    0.00    0.00   90.11

16:35:09     CPU    %usr   %nice    %sys %iowait    %irq   %soft  %steal  %guest  %gnice   %idle
16:35:10     all    0.00    0.00    0.00    0.00    0.00   33.06    0.00    0.00    0.00   66.94
16:35:10       0    0.00    0.00    0.00    0.00    0.00    8.89    0.00    0.00    0.00   91.11
16:35:10       1    0.00    0.00    0.00    0.00    0.00   10.00    0.00    0.00    0.00   90.00
16:35:10       2    0.00    0.00    0.00    0.00    0.00  100.00    0.00    0.00    0.00    0.00
16:35:10       3    0.00    0.00    0.00    0.00    0.00    4.65    0.00    0.00    0.00   95.35

16:35:10     CPU    %usr   %nice    %sys %iowait    %irq   %soft  %steal  %guest  %gnice   %idle
16:35:11     all    0.00    0.00    0.55    0.00    0.00   31.49    0.00    0.00    0.00   67.96
16:35:11       0    0.00    0.00    1.18    0.00    0.00    1.18    0.00    0.00    0.00   97.65
16:35:11       1    0.00    0.00    1.12    0.00    0.00    7.87    0.00    0.00    0.00   91.01
16:35:11       2    0.00    0.00    0.00    0.00    0.00  100.00    0.00    0.00    0.00    0.00
16:35:11       3    0.00    0.00    0.00    0.00    0.00    6.82    0.00    0.00    0.00   93.18

16:35:11     CPU    %usr   %nice    %sys %iowait    %irq   %soft  %steal  %guest  %gnice   %idle
16:35:12     all    0.00    0.00    0.56    0.00    0.00   31.39    0.00    0.00    0.00   68.06
16:35:12       0    0.00    0.00    1.14    0.00    0.00    4.55    0.00    0.00    0.00   94.32
16:35:12       1    0.00    0.00    0.00    0.00    0.00    4.71    0.00    0.00    0.00   95.29
16:35:12       2    0.00    0.00    0.00    0.00    0.00  100.00    0.00    0.00    0.00    0.00
16:35:12       3    0.00    0.00    1.15    0.00    0.00    5.75    0.00    0.00    0.00   93.10

16:35:12     CPU    %usr   %nice    %sys %iowait    %irq   %soft  %steal  %guest  %gnice   %idle
16:35:13     all    0.27    0.00    0.82    0.00    0.00   31.97    0.00    0.00    0.00   66.94
16:35:13       0    1.12    0.00    0.00    0.00    0.00    5.62    0.00    0.00    0.00   93.26
16:35:13       1    0.00    0.00    2.22    0.00    0.00    7.78    0.00    0.00    0.00   90.00
16:35:13       2    0.00    0.00    0.00    0.00    0.00  100.00    0.00    0.00    0.00    0.00
16:35:13       3    0.00    0.00    1.15    0.00    0.00    5.75    0.00    0.00    0.00   93.10

16:35:13     CPU    %usr   %nice    %sys %iowait    %irq   %soft  %steal  %guest  %gnice   %idle
16:35:14     all    0.00    0.00    0.83    0.00    0.00   31.68    0.00    0.00    0.00   67.49
16:35:14       0    0.00    0.00    1.14    0.00    0.00    4.55    0.00    0.00    0.00   94.32
16:35:14       1    0.00    0.00    2.20    0.00    0.00    8.79    0.00    0.00    0.00   89.01
16:35:14       2    0.00    0.00    0.00    0.00    0.00  100.00    0.00    0.00    0.00    0.00
16:35:14       3    0.00    0.00    0.00    0.00    0.00    3.57    0.00    0.00    0.00   96.43

16:35:14     CPU    %usr   %nice    %sys %iowait    %irq   %soft  %steal  %guest  %gnice   %idle
16:35:15     all    0.27    0.00    0.82    0.00    0.00   31.51    0.00    0.00    0.00   67.40
16:35:15       0    1.09    0.00    2.17    0.00    0.00    6.52    0.00    0.00    0.00   90.22
16:35:15       1    0.00    0.00    0.00    0.00    0.00    6.90    0.00    0.00    0.00   93.10
16:35:15       2    0.00    0.00    0.00    0.00    0.00  100.00    0.00    0.00    0.00    0.00
16:35:15       3    0.00    0.00    1.16    0.00    0.00    3.49    0.00    0.00    0.00   95.35

16:35:15     CPU    %usr   %nice    %sys %iowait    %irq   %soft  %steal  %guest  %gnice   %idle
16:35:16     all    0.00    0.00    0.55    0.00    0.00   31.30    0.00    0.00    0.00   68.14
16:35:16       0    0.00    0.00    1.15    0.00    0.00    3.45    0.00    0.00    0.00   95.40
16:35:16       1    0.00    0.00    1.16    0.00    0.00    4.65    0.00    0.00    0.00   94.19
16:35:16       2    0.00    0.00    0.00    0.00    0.00  100.00    0.00    0.00    0.00    0.00
16:35:16       3    0.00    0.00    0.00    0.00    0.00    6.82    0.00    0.00    0.00   93.18

16:35:16     CPU    %usr   %nice    %sys %iowait    %irq   %soft  %steal  %guest  %gnice   %idle
16:35:17     all    0.00    0.00    0.28    0.00    0.00   32.32    0.00    0.00    0.00   67.40
16:35:17       0    0.00    0.00    0.00    0.00    0.00    4.60    0.00    0.00    0.00   95.40
16:35:17       1    0.00    0.00    0.00    0.00    0.00   10.11    0.00    0.00    0.00   89.89
16:35:17       2    0.00    0.00    0.00    0.00    0.00  100.00    0.00    0.00    0.00    0.00
16:35:17       3    0.00    0.00    1.16    0.00    0.00    4.65    0.00    0.00    0.00   94.19

16:35:17     CPU    %usr   %nice    %sys %iowait    %irq   %soft  %steal  %guest  %gnice   %idle
16:35:18     all    0.00    0.00    0.54    0.00    0.00   32.15    0.00    0.00    0.00   67.30
16:35:18       0    0.00    0.00    0.00    0.00    0.00    6.74    0.00    0.00    0.00   93.26
16:35:18       1    0.00    0.00    1.12    0.00    0.00    6.74    0.00    0.00    0.00   92.13
16:35:18       2    0.00    0.00    0.00    0.00    0.00  100.00    0.00    0.00    0.00    0.00
16:35:18       3    0.00    0.00    1.12    0.00    0.00    6.74    0.00    0.00    0.00   92.13

16:35:18     CPU    %usr   %nice    %sys %iowait    %irq   %soft  %steal  %guest  %gnice   %idle
16:35:19     all    0.00    0.00    0.82    0.00    0.00   30.87    0.00    0.00    0.00   68.31
16:35:19       0    0.00    0.00    1.12    0.00    0.00    4.49    0.00    0.00    0.00   94.38
16:35:19       1    0.00    0.00    1.12    0.00    0.00    4.49    0.00    0.00    0.00   94.38
16:35:19       2    0.00    0.00    0.00    0.00    0.00  100.00    0.00    0.00    0.00    0.00
16:35:19       3    0.00    0.00    1.14    0.00    0.00    5.68    0.00    0.00    0.00   93.18

16:35:19     CPU    %usr   %nice    %sys %iowait    %irq   %soft  %steal  %guest  %gnice   %idle
16:35:20     all    0.00    0.00    0.27    0.00    0.00   32.05    0.00    0.00    0.00   67.67
16:35:20       0    0.00    0.00    1.11    0.00    0.00    6.67    0.00    0.00    0.00   92.22
16:35:20       1    0.00    0.00    0.00    0.00    0.00    4.60    0.00    0.00    0.00   95.40
16:35:20       2    0.00    0.00    0.00    0.00    0.00  100.00    0.00    0.00    0.00    0.00
16:35:20       3    0.00    0.00    0.00    0.00    0.00    7.95    0.00    0.00    0.00   92.05

16:35:20     CPU    %usr   %nice    %sys %iowait    %irq   %soft  %steal  %guest  %gnice   %idle
16:35:21     all    0.00    0.00    0.55    0.00    0.00   31.04    0.00    0.00    0.00   68.41
16:35:21       0    0.00    0.00    0.00    0.00    0.00    3.45    0.00    0.00    0.00   96.55
16:35:21       1    0.00    0.00    1.15    0.00    0.00    2.30    0.00    0.00    0.00   96.55
16:35:21       2    0.00    0.00    0.00    0.00    0.00  100.00    0.00    0.00    0.00    0.00
16:35:21       3    0.00    0.00    1.11    0.00    0.00    8.89    0.00    0.00    0.00   90.00

16:35:21     CPU    %usr   %nice    %sys %iowait    %irq   %soft  %steal  %guest  %gnice   %idle
16:35:22     all    0.00    0.00    0.55    0.00    0.00   32.24    0.00    0.00    0.00   67.21
16:35:22       0    0.00    0.00    0.00    0.00    0.00    5.62    0.00    0.00    0.00   94.38
16:35:22       1    0.00    0.00    1.14    0.00    0.00    5.68    0.00    0.00    0.00   93.18
16:35:22       2    0.00    0.00    0.00    0.00    0.00  100.00    0.00    0.00    0.00    0.00
16:35:22       3    0.00    0.00    1.12    0.00    0.00    8.99    0.00    0.00    0.00   89.89

16:35:22     CPU    %usr   %nice    %sys %iowait    %irq   %soft  %steal  %guest  %gnice   %idle
16:35:23     all    0.00    0.00    0.54    0.00    0.00   30.35    0.00    0.00    0.00   69.11
16:35:23       0    0.00    0.00    1.11    0.00    0.00    4.44    0.00    0.00    0.00   94.44
16:35:23       1    0.00    0.00    1.11    0.00    0.00    4.44    0.00    0.00    0.00   94.44
16:35:23       2    0.00    0.00    0.00    0.00    0.00  100.00    0.00    0.00    0.00    0.00
16:35:23       3    0.00    0.00    0.00    0.00    0.00    4.49    0.00    0.00    0.00   95.51

16:35:23     CPU    %usr   %nice    %sys %iowait    %irq   %soft  %steal  %guest  %gnice   %idle
16:35:24     all    0.00    0.00    0.27    0.00    0.00   32.05    0.00    0.00    0.00   67.67
16:35:24       0    0.00    0.00    0.00    0.00    0.00    5.68    0.00    0.00    0.00   94.32
16:35:24       1    0.00    0.00    0.00    0.00    0.00    4.60    0.00    0.00    0.00   95.40
16:35:24       2    0.00    0.00    0.00    0.00    0.00  100.00    0.00    0.00    0.00    0.00
16:35:24       3    0.00    0.00    1.11    0.00    0.00    8.89    0.00    0.00    0.00   90.00

16:35:24     CPU    %usr   %nice    %sys %iowait    %irq   %soft  %steal  %guest  %gnice   %idle
16:35:25     all    0.00    0.00    0.27    0.00    0.00   31.42    0.00    0.00    0.00   68.31
16:35:25       0    0.00    0.00    0.00    0.00    0.00    5.68    0.00    0.00    0.00   94.32
16:35:25       1    0.00    0.00    0.00    0.00    0.00    6.74    0.00    0.00    0.00   93.26
16:35:25       2    0.00    0.00    0.00    0.00    0.00   96.97    0.00    0.00    0.00    3.03
16:35:25       3    0.00    0.00    1.11    0.00    0.00    8.89    0.00    0.00    0.00   90.00

16:35:25     CPU    %usr   %nice    %sys %iowait    %irq   %soft  %steal  %guest  %gnice   %idle
16:35:26     all    0.00    0.00    0.27    0.00    0.00   31.78    0.00    0.00    0.00   67.95
16:35:26       0    0.00    0.00    0.00    0.00    0.00    5.62    0.00    0.00    0.00   94.38
16:35:26       1    0.00    0.00    1.12    0.00    0.00    5.62    0.00    0.00    0.00   93.26
16:35:26       2    0.00    0.00    0.00    0.00    0.00  100.00    0.00    0.00    0.00    0.00
16:35:26       3    0.00    0.00    0.00    0.00    0.00    6.90    0.00    0.00    0.00   93.10

16:35:26     CPU    %usr   %nice    %sys %iowait    %irq   %soft  %steal  %guest  %gnice   %idle
16:35:27     all    0.00    0.00    0.55    0.00    0.00   31.59    0.00    0.00    0.00   67.86
16:35:27       0    0.00    0.00    1.16    0.00    0.00    2.33    0.00    0.00    0.00   96.51
16:35:27       1    0.00    0.00    0.00    0.00    0.00    5.68    0.00    0.00    0.00   94.32
16:35:27       2    0.00    0.00    0.00    0.00    0.00  100.00    0.00    0.00    0.00    0.00
16:35:27       3    0.00    0.00    1.11    0.00    0.00    8.89    0.00    0.00    0.00   90.00

16:35:27     CPU    %usr   %nice    %sys %iowait    %irq   %soft  %steal  %guest  %gnice   %idle
16:35:28     all    0.00    0.00    0.55    0.00    0.00   31.78    0.00    0.00    0.00   67.67
16:35:28       0    0.00    0.00    1.12    0.00    0.00    4.49    0.00    0.00    0.00   94.38
16:35:28       1    0.00    0.00    0.00    0.00    0.00    5.75    0.00    0.00    0.00   94.25
16:35:28       2    0.00    0.00    0.00    0.00    0.00  100.00    0.00    0.00    0.00    0.00
16:35:28       3    0.00    0.00    1.12    0.00    0.00    7.87    0.00    0.00    0.00   91.01

16:35:28     CPU    %usr   %nice    %sys %iowait    %irq   %soft  %steal  %guest  %gnice   %idle
16:35:29     all    0.00    0.00    0.27    0.00    0.00   32.43    0.00    0.00    0.00   67.30
16:35:29       0    0.00    0.00    0.00    0.00    0.00    5.62    0.00    0.00    0.00   94.38
16:35:29       1    0.00    0.00    0.00    0.00    0.00    7.78    0.00    0.00    0.00   92.22
16:35:29       2    0.00    0.00    0.00    0.00    0.00  100.00    0.00    0.00    0.00    0.00
16:35:29       3    0.00    0.00    1.14    0.00    0.00    7.95    0.00    0.00    0.00   90.91

16:35:29     CPU    %usr   %nice    %sys %iowait    %irq   %soft  %steal  %guest  %gnice   %idle
16:35:30     all    0.00    0.00    0.82    0.27    0.00   31.79    0.00    0.00    0.00   67.12
16:35:30       0    0.00    0.00    0.00    0.00    0.00    5.62    0.00    0.00    0.00   94.38
16:35:30       1    0.00    0.00    2.25    0.00    0.00    4.49    0.00    0.00    0.00   93.26
16:35:30       2    0.00    0.00    0.00    0.00    0.00  100.00    0.00    0.00    0.00    0.00
16:35:30       3    0.00    0.00    1.11    1.11    0.00    8.89    0.00    0.00    0.00   88.89

16:35:30     CPU    %usr   %nice    %sys %iowait    %irq   %soft  %steal  %guest  %gnice   %idle
16:35:31     all    0.00    0.00    0.55    0.00    0.00   31.78    0.00    0.00    0.00   67.67
16:35:31       0    0.00    0.00    1.12    0.00    0.00    4.49    0.00    0.00    0.00   94.38
16:35:31       1    0.00    0.00    0.00    0.00    0.00    2.38    0.00    0.00    0.00   97.62
16:35:31       2    0.00    0.00    0.00    0.00    0.00  100.00    0.00    0.00    0.00    0.00
16:35:31       3    0.00    0.00    1.09    0.00    0.00   10.87    0.00    0.00    0.00   88.04

16:35:31     CPU    %usr   %nice    %sys %iowait    %irq   %soft  %steal  %guest  %gnice   %idle
16:35:32     all    0.00    0.00    0.27    0.00    0.00   32.14    0.00    0.00    0.00   67.58
16:35:32       0    0.00    0.00    0.00    0.00    0.00    5.68    0.00    0.00    0.00   94.32
16:35:32       1    0.00    0.00    0.00    0.00    0.00    5.68    0.00    0.00    0.00   94.32
16:35:32       2    0.00    0.00    0.00    0.00    0.00  100.00    0.00    0.00    0.00    0.00
16:35:32       3    0.00    0.00    1.14    0.00    0.00    7.95    0.00    0.00    0.00   90.91

16:35:32     CPU    %usr   %nice    %sys %iowait    %irq   %soft  %steal  %guest  %gnice   %idle
16:35:33     all    0.00    0.00    0.27    0.00    0.00   32.52    0.00    0.00    0.00   67.21
16:35:33       0    0.00    0.00    0.00    0.00    0.00    5.62    0.00    0.00    0.00   94.38
16:35:33       1    0.00    0.00    1.11    0.00    0.00    6.67    0.00    0.00    0.00   92.22
16:35:33       2    0.00    0.00    0.00    0.00    0.00  100.00    0.00    0.00    0.00    0.00
16:35:33       3    0.00    0.00    0.00    0.00    0.00   10.00    0.00    0.00    0.00   90.00

Average:     CPU    %usr   %nice    %sys %iowait    %irq   %soft  %steal  %guest  %gnice   %idle
Average:     all    0.02    0.00    0.54    0.01    0.00   31.21    0.00    0.00    0.00   68.21
Average:       0    0.08    0.00    0.71    0.00    0.00    5.81    0.00    0.00    0.00   93.40
Average:       1    0.02    0.00    0.45    0.00    0.00   46.12    0.00    0.00    0.00   53.41
Average:       2    0.00    0.00    0.24    0.00    0.00   63.54    0.00    0.00    0.00   36.21
Average:       3    0.00    0.00    0.79    0.06    0.00    6.19    0.00    0.00    0.00   92.96
