Linux 6.12.47+rpt-rpi-v8 (host1) 	09/12/25 	_aarch64_	(4 CPU)

12:25:08     CPU    %usr   %nice    %sys %iowait    %irq   %soft  %steal  %guest  %gnice   %idle
12:25:09     all    0.27    0.00    0.54    0.00    0.00   30.16    0.00    0.00    0.00   69.02
12:25:09       0    0.00    0.00    0.00    0.00    0.00    3.45    0.00    0.00    0.00   96.55
12:25:09       1    0.00    0.00    0.00    0.00    0.00  100.00    0.00    0.00    0.00    0.00
12:25:09       2    1.11    0.00    1.11    0.00    0.00    3.33    0.00    0.00    0.00   94.44
12:25:09       3    0.00    0.00    1.10    0.00    0.00    5.49    0.00    0.00    0.00   93.41

12:25:09     CPU    %usr   %nice    %sys %iowait    %irq   %soft  %steal  %guest  %gnice   %idle
12:25:10     all    0.00    0.00    0.00    0.00    0.00   30.98    0.00    0.00    0.00   69.02
12:25:10       0    0.00    0.00    0.00    0.00    0.00    7.69    0.00    0.00    0.00   92.31
12:25:10       1    0.00    0.00    0.00    0.00    0.00  100.00    0.00    0.00    0.00    0.00
12:25:10       2    0.00    0.00    0.00    0.00    0.00    3.41    0.00    0.00    0.00   96.59
12:25:10       3    0.00    0.00    0.00    0.00    0.00    4.49    0.00    0.00    0.00   95.51

12:25:10     CPU    %usr   %nice    %sys %iowait    %irq   %soft  %steal  %guest  %gnice   %idle
12:25:11     all    0.00    0.00    0.00    0.00    0.00   30.30    0.00    0.00    0.00   69.70
12:25:11       0    0.00    0.00    0.00    0.00    0.00    4.55    0.00    0.00    0.00   95.45
12:25:11       1    0.00    0.00    0.00    0.00    0.00  100.00    0.00    0.00    0.00    0.00
12:25:11       2    0.00    0.00    0.00    0.00    0.00    2.30    0.00    0.00    0.00   97.70
12:25:11       3    0.00    0.00    0.00    0.00    0.00    4.55    0.00    0.00    0.00   95.45

12:25:11     CPU    %usr   %nice    %sys %iowait    %irq   %soft  %steal  %guest  %gnice   %idle
12:25:12     all    0.00    0.00    0.27    0.00    0.00   30.62    0.00    0.00    0.00   69.11
12:25:12       0    0.00    0.00    1.11    0.00    0.00    4.44    0.00    0.00    0.00   94.44
12:25:12       1    0.00    0.00    0.00    0.00    0.00  100.00    0.00    0.00    0.00    0.00
12:25:12       2    0.00    0.00    0.00    0.00    0.00    5.56    0.00    0.00    0.00   94.44
12:25:12       3    0.00    0.00    0.00    0.00    0.00    4.49    0.00    0.00    0.00   95.51

12:25:12     CPU    %usr   %nice    %sys %iowait    %irq   %soft  %steal  %guest  %gnice   %idle
12:25:13     all    0.27    0.00    0.55    0.00    0.00   29.59    0.00    0.00    0.00   69.59
12:25:13       0    0.00    0.00    0.00    0.00    0.00    4.55    0.00    0.00    0.00   95.45
12:25:13       1    0.00    0.00    0.00    0.00    0.00  100.00    0.00    0.00    0.00    0.00
12:25:13       2    1.14    0.00    1.14    0.00    0.00    2.27    0.00    0.00    0.00   95.45
12:25:13       3    0.00    0.00    1.12    0.00    0.00    2.25    0.00    0.00    0.00   96.63

12:25:13     CPU    %usr   %nice    %sys %iowait    %irq   %soft  %steal  %guest  %gnice   %idle
12:25:14     all    0.00    0.00    0.28    0.00    0.00   29.56    0.00    0.00    0.00   70.17
12:25:14       0    0.00    0.00    0.00    0.00    0.00    3.45    0.00    0.00    0.00   96.55
12:25:14       1    0.00    0.00    0.00    0.00    0.00  100.00    0.00    0.00    0.00    0.00
12:25:14       2    0.00    0.00    0.00    0.00    0.00    2.30    0.00    0.00    0.00   97.70
12:25:14       3    0.00    0.00    1.14    0.00    0.00    2.27    0.00    0.00    0.00   96.59

12:25:14     CPU    %usr   %nice    %sys %iowait    %irq   %soft  %steal  %guest  %gnice   %idle
12:25:15     all    0.00    0.00    0.55    0.00    0.00   29.09    0.00    0.00    0.00   70.36
12:25:15       0    0.00    0.00    1.16    0.00    0.00    1.16    0.00    0.00    0.00   97.67
12:25:15       1    0.00    0.00    0.00    0.00    0.00  100.00    0.00    0.00    0.00    0.00
12:25:15       2    0.00    0.00    1.15    0.00    0.00    1.15    0.00    0.00    0.00   97.70
12:25:15       3    0.00    0.00    0.00    0.00    0.00    3.41    0.00    0.00    0.00   96.59

12:25:15     CPU    %usr   %nice    %sys %iowait    %irq   %soft  %steal  %guest  %gnice   %idle
12:25:16     all    0.00    0.00    0.55    0.00    0.00   29.86    0.00    0.00    0.00   69.59
12:25:16       0    0.00    0.00    0.00    0.00    0.00    5.62    0.00    0.00    0.00   94.38
12:25:16       1    0.00    0.00    0.00    0.00    0.00  100.00    0.00    0.00    0.00    0.00
12:25:16       2    0.00    0.00    1.14    0.00    0.00    2.27    0.00    0.00    0.00   96.59
12:25:16       3    0.00    0.00    1.14    0.00    0.00    2.27    0.00    0.00    0.00   96.59

12:25:16     CPU    %usr   %nice    %sys %iowait    %irq   %soft  %steal  %guest  %gnice   %idle
12:25:17     all    0.00    0.00    0.27    0.00    0.00   30.71    0.00    0.00    0.00   69.02
12:25:17       0    0.00    0.00    0.00    0.00    0.00    5.62    0.00    0.00    0.00   94.38
12:25:17       1    0.00    0.00    0.00    0.00    0.00  100.00    0.00    0.00    0.00    0.00
12:25:17       2    0.00    0.00    1.12    0.00    0.00    3.37    0.00    0.00    0.00   95.51
12:25:17       3    0.00    0.00    0.00    0.00    0.00    5.56    0.00    0.00    0.00   94.44

12:25:17     CPU    %usr   %nice    %sys %iowait    %irq   %soft  %steal  %guest  %gnice   %idle
12:25:18     all    0.27    0.00    0.00    0.00    0.00   30.33    0.00    0.00    0.00   69.40
12:25:18       0    0.00    0.00    0.00    0.00    0.00    5.62    0.00    0.00    0.00   94.38
12:25:18       1    0.00    0.00    0.00    0.00    0.00  100.00    0.00    0.00    0.00    0.00
12:25:18       2    1.14    0.00    0.00    0.00    0.00    2.27    0.00    0.00    0.00   96.59
12:25:18       3    0.00    0.00    0.00    0.00    0.00    4.49    0.00    0.00    0.00   95.51

12:25:18     CPU    %usr   %nice    %sys %iowait    %irq   %soft  %steal  %guest  %gnice   %idle
12:25:19     all    0.00    0.00    0.83    0.00    0.00   29.20    0.00    0.00    0.00   69.97
12:25:19       0    0.00    0.00    1.15    0.00    0.00    2.30    0.00    0.00    0.00   96.55
12:25:19       1    0.00    0.00    0.00    0.00    0.00  100.00    0.00    0.00    0.00    0.00
12:25:19       2    0.00    0.00    1.14    0.00    0.00    2.27    0.00    0.00    0.00   96.59
12:25:19       3    0.00    0.00    1.14    0.00    0.00    2.27    0.00    0.00    0.00   96.59

12:25:19     CPU    %usr   %nice    %sys %iowait    %irq   %soft  %steal  %guest  %gnice   %idle
12:25:20     all    0.00    0.00    0.27    0.00    0.00   30.89    0.00    0.00    0.00   68.83
12:25:20       0    0.00    0.00    0.00    0.00    0.00    5.62    0.00    0.00    0.00   94.38
12:25:20       1    0.00    0.00    0.00    0.00    0.00  100.00    0.00    0.00    0.00    0.00
12:25:20       2    0.00    0.00    0.00    0.00    0.00    6.59    0.00    0.00    0.00   93.41
12:25:20       3    0.00    0.00    1.12    0.00    0.00    3.37    0.00    0.00    0.00   95.51

12:25:20     CPU    %usr   %nice    %sys %iowait    %irq   %soft  %steal  %guest  %gnice   %idle
12:25:21     all    0.00    0.00    0.55    0.00    0.00   29.95    0.00    0.00    0.00   69.51
12:25:21       0    0.00    0.00    0.00    0.00    0.00    3.45    0.00    0.00    0.00   96.55
12:25:21       1    0.00    0.00    0.00    0.00    0.00  100.00    0.00    0.00    0.00    0.00
12:25:21       2    0.00    0.00    2.25    0.00    0.00    2.25    0.00    0.00    0.00   95.51
12:25:21       3    0.00    0.00    0.00    0.00    0.00    4.55    0.00    0.00    0.00   95.45

12:25:21     CPU    %usr   %nice    %sys %iowait    %irq   %soft  %steal  %guest  %gnice   %idle
12:25:22     all    0.00    0.00    0.27    0.00    0.00   30.52    0.00    0.00    0.00   69.21
12:25:22       0    0.00    0.00    1.14    0.00    0.00    3.41    0.00    0.00    0.00   95.45
12:25:22       1    0.00    0.00    0.00    0.00    0.00  100.00    0.00    0.00    0.00    0.00
12:25:22       2    0.00    0.00    0.00    0.00    0.00    4.49    0.00    0.00    0.00   95.51
12:25:22       3    0.00    0.00    0.00    0.00    0.00    5.56    0.00    0.00    0.00   94.44

12:25:22     CPU    %usr   %nice    %sys %iowait    %irq   %soft  %steal  %guest  %gnice   %idle
12:25:23     all    0.00    0.00    0.54    0.00    0.00   30.35    0.00    0.00    0.00   69.11
12:25:23       0    0.00    0.00    0.00    0.00    0.00    6.67    0.00    0.00    0.00   93.33
12:25:23       1    0.00    0.00    0.00    0.00    0.00  100.00    0.00    0.00    0.00    0.00
12:25:23       2    0.00    0.00    1.12    0.00    0.00    3.37    0.00    0.00    0.00   95.51
12:25:23       3    0.00    0.00    1.11    0.00    0.00    3.33    0.00    0.00    0.00   95.56

12:25:23     CPU    %usr   %nice    %sys %iowait    %irq   %soft  %steal  %guest  %gnice   %idle
12:25:24     all    0.00    0.00    0.82    0.00    0.00   29.43    0.00    0.00    0.00   69.75
12:25:24       0    0.00    0.00    1.11    0.00    0.00    4.44    0.00    0.00    0.00   94.44
12:25:24       1    0.00    0.00    0.00    0.00    0.00  100.00    0.00    0.00    0.00    0.00
12:25:24       2    0.00    0.00    1.14    0.00    0.00    1.14    0.00    0.00    0.00   97.73
12:25:24       3    0.00    0.00    1.12    0.00    0.00    3.37    0.00    0.00    0.00   95.51

12:25:24     CPU    %usr   %nice    %sys %iowait    %irq   %soft  %steal  %guest  %gnice   %idle
12:25:25     all    0.00    0.00    0.27    0.00    0.00   29.95    0.00    0.00    0.00   69.78
12:25:25       0    0.00    0.00    0.00    0.00    0.00    4.55    0.00    0.00    0.00   95.45
12:25:25       1    0.00    0.00    0.00    0.00    0.00  100.00    0.00    0.00    0.00    0.00
12:25:25       2    0.00    0.00    1.14    0.00    0.00    2.27    0.00    0.00    0.00   96.59
12:25:25       3    0.00    0.00    0.00    0.00    0.00    3.41    0.00    0.00    0.00   96.59

12:25:25     CPU    %usr   %nice    %sys %iowait    %irq   %soft  %steal  %guest  %gnice   %idle
12:25:26     all    0.00    0.00    0.82    0.27    0.00   29.89    0.00    0.00    0.00   69.02
12:25:26       0    0.00    0.00    1.12    0.00    0.00    4.49    0.00    0.00    0.00   94.38
12:25:26       1    0.00    0.00    0.00    0.00    0.00  100.00    0.00    0.00    0.00    0.00
12:25:26       2    0.00    0.00    1.12    1.12    0.00    2.25    0.00    0.00    0.00   95.51
12:25:26       3    0.00    0.00    1.11    0.00    0.00    4.44    0.00    0.00    0.00   94.44

12:25:26     CPU    %usr   %nice    %sys %iowait    %irq   %soft  %steal  %guest  %gnice   %idle
12:25:27     all    0.00    0.00    0.54    0.00    0.00   30.35    0.00    0.00    0.00   69.11
12:25:27       0    0.00    0.00    1.11    0.00    0.00    5.56    0.00    0.00    0.00   93.33
12:25:27       1    0.00    0.00    0.00    0.00    0.00  100.00    0.00    0.00    0.00    0.00
12:25:27       2    0.00    0.00    0.00    0.00    0.00    3.37    0.00    0.00    0.00   96.63
12:25:27       3    0.00    0.00    1.11    0.00    0.00    4.44    0.00    0.00    0.00   94.44

12:25:27     CPU    %usr   %nice    %sys %iowait    %irq   %soft  %steal  %guest  %gnice   %idle
12:25:28     all    0.00    0.00    0.28    0.00    0.00   29.75    0.00    0.00    0.00   69.97
12:25:28       0    0.00    0.00    1.16    0.00    0.00    1.16    0.00    0.00    0.00   97.67
12:25:28       1    0.00    0.00    0.00    0.00    0.00  100.00    0.00    0.00    0.00    0.00
12:25:28       2    0.00    0.00    0.00    0.00    0.00    1.16    0.00    0.00    0.00   98.84
12:25:28       3    0.00    0.00    0.00    0.00    0.00    6.59    0.00    0.00    0.00   93.41

12:25:28     CPU    %usr   %nice    %sys %iowait    %irq   %soft  %steal  %guest  %gnice   %idle
12:25:29     all    0.00    0.00    0.82    0.00    0.00   29.78    0.00    0.00    0.00   69.40
12:25:29       0    0.00    0.00    0.00    0.00    0.00    3.41    0.00    0.00    0.00   96.59
12:25:29       1    0.00    0.00    0.00    0.00    0.00  100.00    0.00    0.00    0.00    0.00
12:25:29       2    0.00    0.00    2.20    0.00    0.00    4.40    0.00    0.00    0.00   93.41
12:25:29       3    0.00    0.00    1.15    0.00    0.00    2.30    0.00    0.00    0.00   96.55

12:25:29     CPU    %usr   %nice    %sys %iowait    %irq   %soft  %steal  %guest  %gnice   %idle
12:25:30     all    0.00    0.00    0.00    0.00    0.00   31.08    0.00    0.00    0.00   68.92
12:25:30       0    0.00    0.00    0.00    0.00    0.00    3.45    0.00    0.00    0.00   96.55
12:25:30       1    0.00    0.00    0.00    0.00    0.00  100.00    0.00    0.00    0.00    0.00
12:25:30       2    0.00    0.00    0.00    0.00    0.00    6.59    0.00    0.00    0.00   93.41
12:25:30       3    0.00    0.00    0.00    0.00    0.00    6.52    0.00    0.00    0.00   93.48

12:25:30     CPU    %usr   %nice    %sys %iowait    %irq   %soft  %steal  %guest  %gnice   %idle
12:25:31     all    0.00    0.00    0.27    0.00    0.00   30.33    0.00    0.00    0.00   69.40
12:25:31       0    0.00    0.00    0.00    0.00    0.00    6.67    0.00    0.00    0.00   93.33
12:25:31       1    0.00    0.00    0.00    0.00    0.00  100.00    0.00    0.00    0.00    0.00
12:25:31       2    0.00    0.00    0.00    0.00    0.00    3.41    0.00    0.00    0.00   96.59
12:25:31       3    0.00    0.00    1.14    0.00    0.00    2.27    0.00    0.00    0.00   96.59

12:25:31     CPU    %usr   %nice    %sys %iowait    %irq   %soft  %steal  %guest  %gnice   %idle
12:25:32     all    0.00    0.00    0.82    0.00    0.00   29.78    0.00    0.00    0.00   69.40
12:25:32       0    0.00    0.00    1.15    0.00    0.00    2.30    0.00    0.00    0.00   96.55
12:25:32       1    0.00    0.00    0.00    0.00    0.00  100.00    0.00    0.00    0.00    0.00
12:25:32       2    0.00    0.00    1.12    0.00    0.00    3.37    0.00    0.00    0.00   95.51
12:25:32       3    0.00    0.00    1.11    0.00    0.00    4.44    0.00    0.00    0.00   94.44

12:25:32     CPU    %usr   %nice    %sys %iowait    %irq   %soft  %steal  %guest  %gnice   %idle
12:25:33     all    0.00    0.00    0.27    0.00    0.00   29.67    0.00    0.00    0.00   70.05
12:25:33       0    0.00    0.00    0.00    0.00    0.00    2.30    0.00    0.00    0.00   97.70
12:25:33       1    0.00    0.00    0.00    0.00    0.00  100.00    0.00    0.00    0.00    0.00
12:25:33       2    0.00    0.00    1.14    0.00    0.00    2.27    0.00    0.00    0.00   96.59
12:25:33       3    0.00    0.00    0.00    0.00    0.00    4.49    0.00    0.00    0.00   95.51

12:25:33     CPU    %usr   %nice    %sys %iowait    %irq   %soft  %steal  %guest  %gnice   %idle
12:25:34     all    0.00    0.00    0.82    0.00    0.00   30.25    0.00    0.00    0.00   68.94
12:25:34       0    0.00    0.00    1.14    0.00    0.00    3.41    0.00    0.00    0.00   95.45
12:25:34       1    0.00    0.00    0.00    0.00    0.00  100.00    0.00    0.00    0.00    0.00
12:25:34       2    0.00    0.00    0.00    0.00    0.00    5.56    0.00    0.00    0.00   94.44
12:25:34       3    0.00    0.00    2.25    0.00    0.00    3.37    0.00    0.00    0.00   94.38

12:25:34     CPU    %usr   %nice    %sys %iowait    %irq   %soft  %steal  %guest  %gnice   %idle
12:25:35     all    0.00    0.00    0.00    0.00    0.00   30.14    0.00    0.00    0.00   69.86
12:25:35       0    0.00    0.00    0.00    0.00    0.00    3.41    0.00    0.00    0.00   96.59
12:25:35       1    0.00    0.00    0.00    0.00    0.00  100.00    0.00    0.00    0.00    0.00
12:25:35       2    0.00    0.00    0.00    0.00    0.00    1.15    0.00    0.00    0.00   98.85
12:25:35       3    0.00    0.00    0.00    0.00    0.00    6.67    0.00    0.00    0.00   93.33

12:25:35     CPU    %usr   %nice    %sys %iowait    %irq   %soft  %steal  %guest  %gnice   %idle
12:25:36     all    0.00    0.00    0.82    0.00    0.00   29.97    0.00    0.00    0.00   69.21
12:25:36       0    0.00    0.00    1.11    0.00    0.00    4.44    0.00    0.00    0.00   94.44
12:25:36       1    0.00    0.00    0.00    0.00    0.00  100.00    0.00    0.00    0.00    0.00
12:25:36       2    0.00    0.00    0.00    0.00    0.00    2.30    0.00    0.00    0.00   97.70
12:25:36       3    0.00    0.00    2.22    0.00    0.00    4.44    0.00    0.00    0.00   93.33

12:25:36     CPU    %usr   %nice    %sys %iowait    %irq   %soft  %steal  %guest  %gnice   %idle
12:25:37     all    0.00    0.00    0.82    0.00    0.00   29.70    0.00    0.00    0.00   69.48
12:25:37       0    0.00    0.00    1.11    0.00    0.00    4.44    0.00    0.00    0.00   94.44
12:25:37       1    0.00    0.00    0.00    0.00    0.00  100.00    0.00    0.00    0.00    0.00
12:25:37       2    0.00    0.00    1.15    0.00    0.00    1.15    0.00    0.00    0.00   97.70
12:25:37       3    0.00    0.00    1.11    0.00    0.00    4.44    0.00    0.00    0.00   94.44

12:25:37     CPU    %usr   %nice    %sys %iowait    %irq   %soft  %steal  %guest  %gnice   %idle
12:25:38     all    0.00    0.00    0.27    0.00    0.00   30.60    0.00    0.00    0.00   69.13
12:25:38       0    0.00    0.00    0.00    0.00    0.00    3.41    0.00    0.00    0.00   96.59
12:25:38       1    0.00    0.00    0.00    0.00    0.00  100.00    0.00    0.00    0.00    0.00
12:25:38       2    0.00    0.00    1.11    0.00    0.00    5.56    0.00    0.00    0.00   93.33
12:25:38       3    0.00    0.00    0.00    0.00    0.00    4.55    0.00    0.00    0.00   95.45

12:25:38     CPU    %usr   %nice    %sys %iowait    %irq   %soft  %steal  %guest  %gnice   %idle
12:25:39     all    0.00    0.00    0.27    0.00    0.00   29.67    0.00    0.00    0.00   70.05
12:25:39       0    0.00    0.00    0.00    0.00    0.00    3.41    0.00    0.00    0.00   96.59
12:25:39       1    0.00    0.00    0.00    0.00    0.00  100.00    0.00    0.00    0.00    0.00
12:25:39       2    0.00    0.00    0.00    0.00    0.00    4.49    0.00    0.00    0.00   95.51
12:25:39       3    0.00    0.00    1.15    0.00    0.00    1.15    0.00    0.00    0.00   97.70

12:25:39     CPU    %usr   %nice    %sys %iowait    %irq   %soft  %steal  %guest  %gnice   %idle
12:25:40     all    0.00    0.00    0.00    0.00    0.00   29.48    0.00    0.00    0.00   70.52
12:25:40       0    0.00    0.00    0.00    0.00    0.00    3.37    0.00    0.00    0.00   96.63
12:25:40       1    0.00    0.00    0.00    0.00    0.00  100.00    0.00    0.00    0.00    0.00
12:25:40       2    0.00    0.00    0.00    0.00    0.00    2.30    0.00    0.00    0.00   97.70
12:25:40       3    0.00    0.00    0.00    0.00    0.00    2.30    0.00    0.00    0.00   97.70

12:25:40     CPU    %usr   %nice    %sys %iowait    %irq   %soft  %steal  %guest  %gnice   %idle
12:25:41     all    0.27    0.00    0.55    0.00    0.00   29.67    0.00    0.00    0.00   69.51
12:25:41       0    0.00    0.00    1.14    0.00    0.00    3.41    0.00    0.00    0.00   95.45
12:25:41       1    0.00    0.00    0.00    0.00    0.00  100.00    0.00    0.00    0.00    0.00
12:25:41       2    1.12    0.00    1.12    0.00    0.00    2.25    0.00    0.00    0.00   95.51
12:25:41       3    0.00    0.00    0.00    0.00    0.00    3.45    0.00    0.00    0.00   96.55

12:25:41     CPU    %usr   %nice    %sys %iowait    %irq   %soft  %steal  %guest  %gnice   %idle
12:25:42     all    0.00    0.00    1.08    0.00    0.00   29.81    0.00    0.00    0.00   69.11
12:25:42       0    0.00    0.00    1.12    0.00    0.00    3.37    0.00    0.00    0.00   95.51
12:25:42       1    0.00    0.00    0.00    0.00    0.00  100.00    0.00    0.00    0.00    0.00
12:25:42       2    0.00    0.00    1.12    0.00    0.00    3.37    0.00    0.00    0.00   95.51
12:25:42       3    0.00    0.00    2.20    0.00    0.00    4.40    0.00    0.00    0.00   93.41

12:25:42     CPU    %usr   %nice    %sys %iowait    %irq   %soft  %steal  %guest  %gnice   %idle
12:25:43     all    0.00    0.00    0.00    0.00    0.00   30.68    0.00    0.00    0.00   69.32
12:25:43       0    0.00    0.00    0.00    0.00    0.00    3.41    0.00    0.00    0.00   96.59
12:25:43       1    0.00    0.00    0.00    0.00    0.00  100.00    0.00    0.00    0.00    0.00
12:25:43       2    0.00    0.00    0.00    0.00    0.00    5.62    0.00    0.00    0.00   94.38
12:25:43       3    0.00    0.00    0.00    0.00    0.00    4.55    0.00    0.00    0.00   95.45

12:25:43     CPU    %usr   %nice    %sys %iowait    %irq   %soft  %steal  %guest  %gnice   %idle
12:25:44     all    0.00    0.00    0.27    0.54    0.00   28.80    0.00    0.00    0.00   70.38
12:25:44       0    0.00    0.00    1.12    0.00    0.00    1.12    0.00    0.00    0.00   97.75
12:25:44       1    0.00    0.00    0.00    0.00    0.00  100.00    0.00    0.00    0.00    0.00
12:25:44       2    0.00    0.00    0.00    2.25    0.00    2.25    0.00    0.00    0.00   95.51
12:25:44       3    0.00    0.00    0.00    0.00    0.00    3.33    0.00    0.00    0.00   96.67

12:25:44     CPU    %usr   %nice    %sys %iowait    %irq   %soft  %steal  %guest  %gnice   %idle
12:25:45     all    0.27    0.00    0.00    0.00    0.00   30.54    0.00    0.00    0.00   69.19
12:25:45       0    0.00    0.00    0.00    0.00    0.00    4.49    0.00    0.00    0.00   95.51
12:25:45       1    0.00    0.00    0.00    0.00    0.00  100.00    0.00    0.00    0.00    0.00
12:25:45       2    1.10    0.00    0.00    0.00    0.00    5.49    0.00    0.00    0.00   93.41
12:25:45       3    0.00    0.00    0.00    0.00    0.00    4.44    0.00    0.00    0.00   95.56

12:25:45     CPU    %usr   %nice    %sys %iowait    %irq   %soft  %steal  %guest  %gnice   %idle
12:25:46     all    0.00    0.00    0.82    0.00    0.00   29.40    0.00    0.00    0.00   69.78
12:25:46       0    0.00    0.00    1.12    0.00    0.00    3.37    0.00    0.00    0.00   95.51
12:25:46       1    0.00    0.00    0.00    0.00    0.00  100.00    0.00    0.00    0.00    0.00
12:25:46       2    0.00    0.00    1.15    0.00    0.00    1.15    0.00    0.00    0.00   97.70
12:25:46       3    0.00    0.00    1.14    0.00    0.00    3.41    0.00    0.00    0.00   95.45

12:25:46     CPU    %usr   %nice    %sys %iowait    %irq   %soft  %steal  %guest  %gnice   %idle
12:25:47     all    0.00    0.00    0.55    0.00    0.00   29.78    0.00    0.00    0.00   69.67
12:25:47       0    0.00    0.00    0.00    0.00    0.00    3.41    0.00    0.00    0.00   96.59
12:25:47       1    0.00    0.00    0.00    0.00    0.00  100.00    0.00    0.00    0.00    0.00
12:25:47       2    0.00    0.00    1.14    0.00    0.00    2.27    0.00    0.00    0.00   96.59
12:25:47       3    0.00    0.00    1.11    0.00    0.00    4.44    0.00    0.00    0.00   94.44

12:25:47     CPU    %usr   %nice    %sys %iowait    %irq   %soft  %steal  %guest  %gnice   %idle
12:25:48     all    0.00    0.00    0.54    0.00    0.00   30.43    0.00    0.00    0.00   69.02
12:25:48       0    0.00    0.00    0.00    0.00    0.00    5.56    0.00    0.00    0.00   94.44
12:25:48       1    0.00    0.00    0.00    0.00    0.00  100.00    0.00    0.00    0.00    0.00
12:25:48       2    0.00    0.00    2.20    0.00    0.00    4.40    0.00    0.00    0.00   93.41
12:25:48       3    0.00    0.00    0.00    0.00    0.00    3.45    0.00    0.00    0.00   96.55

12:25:48     CPU    %usr   %nice    %sys %iowait    %irq   %soft  %steal  %guest  %gnice   %idle
12:25:49     all    0.00    0.00    0.55    0.00    0.00   30.14    0.00    0.00    0.00   69.32
12:25:49       0    0.00    0.00    0.00    0.00    0.00    5.62    0.00    0.00    0.00   94.38
12:25:49       1    0.00    0.00    0.00    0.00    0.00  100.00    0.00    0.00    0.00    0.00
12:25:49       2    0.00    0.00    0.00    0.00    0.00    2.30    0.00    0.00    0.00   97.70
12:25:49       3    0.00    0.00    2.25    0.00    0.00    3.37    0.00    0.00    0.00   94.38

12:25:49     CPU    %usr   %nice    %sys %iowait    %irq   %soft  %steal  %guest  %gnice   %idle
12:25:50     all    0.00    0.00    0.00    0.00    0.00   30.79    0.00    0.00    0.00   69.21
12:25:50       0    0.00    0.00    0.00    0.00    0.00    5.56    0.00    0.00    0.00   94.44
12:25:50       1    0.00    0.00    0.00    0.00    0.00  100.00    0.00    0.00    0.00    0.00
12:25:50       2    0.00    0.00    0.00    0.00    0.00    4.49    0.00    0.00    0.00   95.51
12:25:50       3    0.00    0.00    0.00    0.00    0.00    4.55    0.00    0.00    0.00   95.45

12:25:50     CPU    %usr   %nice    %sys %iowait    %irq   %soft  %steal  %guest  %gnice   %idle
12:25:51     all    0.00    0.00    0.27    0.00    0.00   29.95    0.00    0.00    0.00   69.78
12:25:51       0    0.00    0.00    1.12    0.00    0.00    3.37    0.00    0.00    0.00   95.51
12:25:51       1    0.00    0.00    0.00    0.00    0.00  100.00    0.00    0.00    0.00    0.00
12:25:51       2    0.00    0.00    0.00    0.00    0.00    5.62    0.00    0.00    0.00   94.38
12:25:51       3    0.00    0.00    0.00    0.00    0.00    1.16    0.00    0.00    0.00   98.84

12:25:51     CPU    %usr   %nice    %sys %iowait    %irq   %soft  %steal  %guest  %gnice   %idle
12:25:52     all    0.00    0.00    0.00    0.00    0.00   29.95    0.00    0.00    0.00   70.05
12:25:52       0    0.00    0.00    0.00    0.00    0.00    3.41    0.00    0.00    0.00   96.59
12:25:52       1    0.00    0.00    0.00    0.00    0.00  100.00    0.00    0.00    0.00    0.00
12:25:52       2    0.00    0.00    0.00    0.00    0.00    3.37    0.00    0.00    0.00   96.63
12:25:52       3    0.00    0.00    0.00    0.00    0.00    3.45    0.00    0.00    0.00   96.55

12:25:52     CPU    %usr   %nice    %sys %iowait    %irq   %soft  %steal  %guest  %gnice   %idle
12:25:53     all    0.00    0.00    0.27    0.00    0.00   31.17    0.00    0.00    0.00   68.56
12:25:53       0    0.00    0.00    0.00    0.00    0.00    5.56    0.00    0.00    0.00   94.44
12:25:53       1    0.00    0.00    0.00    0.00    0.00  100.00    0.00    0.00    0.00    0.00
12:25:53       2    0.00    0.00    0.00    0.00    0.00    4.55    0.00    0.00    0.00   95.45
12:25:53       3    0.00    0.00    1.10    0.00    0.00    6.59    0.00    0.00    0.00   92.31

12:25:53     CPU    %usr   %nice    %sys %iowait    %irq   %soft  %steal  %guest  %gnice   %idle
12:25:54     all    0.00    0.00    0.54    0.00    0.00   29.89    0.00    0.00    0.00   69.57
12:25:54       0    0.00    0.00    0.00    0.00    0.00    5.56    0.00    0.00    0.00   94.44
12:25:54       1    0.00    0.00    0.00    0.00    0.00  100.00    0.00    0.00    0.00    0.00
12:25:54       2    0.00    0.00    1.12    0.00    0.00    2.25    0.00    0.00    0.00   96.63
12:25:54       3    0.00    0.00    1.12    0.00    0.00    3.37    0.00    0.00    0.00   95.51

12:25:54     CPU    %usr   %nice    %sys %iowait    %irq   %soft  %steal  %guest  %gnice   %idle
12:25:55     all    0.00    0.00    0.27    0.27    0.00   30.62    0.00    0.00    0.00   68.83
12:25:55       0    0.00    0.00    0.00    0.00    0.00    6.59    0.00    0.00    0.00   93.41
12:25:55       1    0.00    0.00    0.00    0.00    0.00  100.00    0.00    0.00    0.00    0.00
12:25:55       2    0.00    0.00    1.10    1.10    0.00    4.40    0.00    0.00    0.00   93.41
12:25:55       3    0.00    0.00    0.00    0.00    0.00    3.45    0.00    0.00    0.00   96.55

12:25:55     CPU    %usr   %nice    %sys %iowait    %irq   %soft  %steal  %guest  %gnice   %idle
12:25:56     all    0.00    0.00    0.82    0.00    0.00   29.89    0.00    0.00    0.00   69.29
12:25:56       0    0.00    0.00    1.11    0.00    0.00    4.44    0.00    0.00    0.00   94.44
12:25:56       1    0.00    0.00    0.00    0.00    0.00  100.00    0.00    0.00    0.00    0.00
12:25:56       2    0.00    0.00    0.00    0.00    0.00    2.30    0.00    0.00    0.00   97.70
12:25:56       3    0.00    0.00    2.20    0.00    0.00    4.40    0.00    0.00    0.00   93.41

12:25:56     CPU    %usr   %nice    %sys %iowait    %irq   %soft  %steal  %guest  %gnice   %idle
12:25:57     all    0.00    0.00    0.28    0.00    0.00   29.56    0.00    0.00    0.00   70.17
12:25:57       0    0.00    0.00    0.00    0.00    0.00    3.41    0.00    0.00    0.00   96.59
12:25:57       1    0.00    0.00    0.00    0.00    0.00  100.00    0.00    0.00    0.00    0.00
12:25:57       2    0.00    0.00    1.14    0.00    0.00    2.27    0.00    0.00    0.00   96.59
12:25:57       3    0.00    0.00    0.00    0.00    0.00    2.33    0.00    0.00    0.00   97.67

12:25:57     CPU    %usr   %nice    %sys %iowait    %irq   %soft  %steal  %guest  %gnice   %idle
12:25:58     all    0.00    0.00    0.55    0.00    0.00   29.59    0.00    0.00    0.00   69.86
12:25:58       0    0.00    0.00    1.12    0.00    0.00    3.37    0.00    0.00    0.00   95.51
12:25:58       1    0.00    0.00    0.00    0.00    0.00  100.00    0.00    0.00    0.00    0.00
12:25:58       2    0.00    0.00    1.12    0.00    0.00    3.37    0.00    0.00    0.00   95.51
12:25:58       3    0.00    0.00    0.00    0.00    0.00    2.30    0.00    0.00    0.00   97.70

12:25:58     CPU    %usr   %nice    %sys %iowait    %irq   %soft  %steal  %guest  %gnice   %idle
12:25:59     all    0.00    0.00    0.27    0.00    0.00   30.60    0.00    0.00    0.00   69.13
12:25:59       0    0.00    0.00    0.00    0.00    0.00    6.59    0.00    0.00    0.00   93.41
12:25:59       1    0.00    0.00    0.00    0.00    0.00  100.00    0.00    0.00    0.00    0.00
12:25:59       2    0.00    0.00    0.00    0.00    0.00    2.30    0.00    0.00    0.00   97.70
12:25:59       3    0.00    0.00    1.14    0.00    0.00    4.55    0.00    0.00    0.00   94.32

12:25:59     CPU    %usr   %nice    %sys %iowait    %irq   %soft  %steal  %guest  %gnice   %idle
12:26:00     all    0.00    0.00    0.55    0.00    0.00   29.86    0.00    0.00    0.00   69.59
12:26:00       0    0.00    0.00    0.00    0.00    0.00    2.33    0.00    0.00    0.00   97.67
12:26:00       1    0.00    0.00    0.00    0.00    0.00  100.00    0.00    0.00    0.00    0.00
12:26:00       2    0.00    0.00    1.12    0.00    0.00    3.37    0.00    0.00    0.00   95.51
12:26:00       3    0.00    0.00    1.11    0.00    0.00    4.44    0.00    0.00    0.00   94.44

12:26:00     CPU    %usr   %nice    %sys %iowait    %irq   %soft  %steal  %guest  %gnice   %idle
12:26:01     all    0.00    0.00    0.54    0.00    0.00   30.71    0.00    0.00    0.00   68.75
12:26:01       0    0.00    0.00    1.09    0.00    0.00    6.52    0.00    0.00    0.00   92.39
12:26:01       1    0.00    0.00    0.00    0.00    0.00  100.00    0.00    0.00    0.00    0.00
12:26:01       2    0.00    0.00    1.14    0.00    0.00    3.41    0.00    0.00    0.00   95.45
12:26:01       3    0.00    0.00    0.00    0.00    0.00    4.55    0.00    0.00    0.00   95.45

12:26:01     CPU    %usr   %nice    %sys %iowait    %irq   %soft  %steal  %guest  %gnice   %idle
12:26:02     all    0.00    0.00    0.00    0.00    0.00   30.52    0.00    0.00    0.00   69.48
12:26:02       0    0.00    0.00    0.00    0.00    0.00    4.49    0.00    0.00    0.00   95.51
12:26:02       1    0.00    0.00    0.00    0.00    0.00  100.00    0.00    0.00    0.00    0.00
12:26:02       2    0.00    0.00    0.00    0.00    0.00    3.41    0.00    0.00    0.00   96.59
12:26:02       3    0.00    0.00    0.00    0.00    0.00    5.56    0.00    0.00    0.00   94.44

12:26:02     CPU    %usr   %nice    %sys %iowait    %irq   %soft  %steal  %guest  %gnice   %idle
12:26:03     all    0.00    0.00    0.55    0.00    0.00   29.78    0.00    0.00    0.00   69.67
12:26:03       0    0.00    0.00    0.00    0.00    0.00    2.30    0.00    0.00    0.00   97.70
12:26:03       1    0.00    0.00    0.00    0.00    0.00  100.00    0.00    0.00    0.00    0.00
12:26:03       2    0.00    0.00    1.12    0.00    0.00    2.25    0.00    0.00    0.00   96.63
12:26:03       3    0.00    0.00    1.11    0.00    0.00    5.56    0.00    0.00    0.00   93.33

12:26:03     CPU    %usr   %nice    %sys %iowait    %irq   %soft  %steal  %guest  %gnice   %idle
12:26:04     all    0.00    0.00    0.82    0.00    0.00   30.52    0.00    0.00    0.00   68.66
12:26:04       0    0.00    0.00    1.12    0.00    0.00    4.49    0.00    0.00    0.00   94.38
12:26:04       1    0.00    0.00    0.00    0.00    0.00  100.00    0.00    0.00    0.00    0.00
12:26:04       2    0.00    0.00    1.12    0.00    0.00    4.49    0.00    0.00    0.00   94.38
12:26:04       3    0.00    0.00    1.12    0.00    0.00    4.49    0.00    0.00    0.00   94.38

12:26:04     CPU    %usr   %nice    %sys %iowait    %irq   %soft  %steal  %guest  %gnice   %idle
12:26:05     all    0.00    0.00    0.00    0.00    0.00   30.43    0.00    0.00    0.00   69.57
12:26:05       0    0.00    0.00    0.00    0.00    0.00    2.30    0.00    0.00    0.00   97.70
12:26:05       1    0.00    0.00    0.00    0.00    0.00  100.00    0.00    0.00    0.00    0.00
12:26:05       2    0.00    0.00    0.00    0.00    0.00    4.44    0.00    0.00    0.00   95.56
12:26:05       3    0.00    0.00    0.00    0.00    0.00    6.59    0.00    0.00    0.00   93.41

12:26:05     CPU    %usr   %nice    %sys %iowait    %irq   %soft  %steal  %guest  %gnice   %idle
12:26:06     all    0.00    0.00    0.54    0.00    0.00   30.25    0.00    0.00    0.00   69.21
12:26:06       0    0.00    0.00    2.25    0.00    0.00    2.25    0.00    0.00    0.00   95.51
12:26:06       1    0.00    0.00    0.00    0.00    0.00  100.00    0.00    0.00    0.00    0.00
12:26:06       2    0.00    0.00    0.00    0.00    0.00    4.49    0.00    0.00    0.00   95.51
12:26:06       3    0.00    0.00    0.00    0.00    0.00    5.62    0.00    0.00    0.00   94.38

12:26:06     CPU    %usr   %nice    %sys %iowait    %irq   %soft  %steal  %guest  %gnice   %idle
12:26:07     all    0.00    0.00    0.00    0.00    0.00   30.11    0.00    0.00    0.00   69.89
12:26:07       0    0.00    0.00    0.00    0.00    0.00    4.49    0.00    0.00    0.00   95.51
12:26:07       1    0.00    0.00    0.00    0.00    0.00  100.00    0.00    0.00    0.00    0.00
12:26:07       2    0.00    0.00    0.00    0.00    0.00    2.33    0.00    0.00    0.00   97.67
12:26:07       3    0.00    0.00    0.00    0.00    0.00    3.45    0.00    0.00    0.00   96.55

12:26:07     CPU    %usr   %nice    %sys %iowait    %irq   %soft  %steal  %guest  %gnice   %idle
12:26:08     all    0.00    0.00    0.00    0.00    0.00   30.87    0.00    0.00    0.00   69.13
12:26:08       0    0.00    0.00    0.00    0.00    0.00    4.55    0.00    0.00    0.00   95.45
12:26:08       1    0.00    0.00    0.00    0.00    0.00  100.00    0.00    0.00    0.00    0.00
12:26:08       2    0.00    0.00    0.00    0.00    0.00    2.30    0.00    0.00    0.00   97.70
12:26:08       3    0.00    0.00    0.00    0.00    0.00    7.69    0.00    0.00    0.00   92.31

Average:     CPU    %usr   %nice    %sys %iowait    %irq   %soft  %steal  %guest  %gnice   %idle
Average:     all    0.02    0.00    0.40    0.02    0.00   30.11    0.00    0.00    0.00   69.45
Average:       0    0.00    0.00    0.43    0.00    0.00    4.14    0.00    0.00    0.00   95.43
Average:       1    0.00    0.00    0.00    0.00    0.00  100.00    0.00    0.00    0.00    0.00
Average:       2    0.09    0.00    0.60    0.08    0.00    3.26    0.00    0.00    0.00   95.97
Average:       3    0.00    0.00    0.62    0.00    0.00    4.12    0.00    0.00    0.00   95.26
