Linux 6.12.47+rpt-rpi-v8 (host1) 	09/12/25 	_aarch64_	(4 CPU)

13:31:05     CPU    %usr   %nice    %sys %iowait    %irq   %soft  %steal  %guest  %gnice   %idle
13:31:06     all   14.21    0.00   28.15    0.00    0.00   27.35    0.00    0.00    0.00   30.29
13:31:06       0    0.00    0.00    0.00    0.00    0.00  100.00    0.00    0.00    0.00    0.00
13:31:06       1   16.48    0.00   40.66    0.00    0.00    1.10    0.00    0.00    0.00   41.76
13:31:06       2   18.48    0.00   40.22    0.00    0.00    1.09    0.00    0.00    0.00   40.22
13:31:06       3   23.33    0.00   34.44    0.00    0.00    0.00    0.00    0.00    0.00   42.22

13:31:06     CPU    %usr   %nice    %sys %iowait    %irq   %soft  %steal  %guest  %gnice   %idle
13:31:07     all   14.02    0.00   27.49    0.00    0.00   28.03    0.00    0.00    0.00   30.46
13:31:07       0    0.00    0.00    0.00    0.00    0.00  100.00    0.00    0.00    0.00    0.00
13:31:07       1   18.89    0.00   36.67    0.00    0.00    2.22    0.00    0.00    0.00   42.22
13:31:07       2   20.65    0.00   36.96    0.00    0.00    1.09    0.00    0.00    0.00   41.30
13:31:07       3   17.98    0.00   39.33    0.00    0.00    1.12    0.00    0.00    0.00   41.57

13:31:07     CPU    %usr   %nice    %sys %iowait    %irq   %soft  %steal  %guest  %gnice   %idle
13:31:08     all   16.00    0.00   25.60    0.00    0.00   27.73    0.00    0.00    0.00   30.67
13:31:08       0    0.00    0.00    0.99    0.00    0.00   99.01    0.00    0.00    0.00    0.00
13:31:08       1   22.34    0.00   35.11    0.00    0.00    2.13    0.00    0.00    0.00   40.43
13:31:08       2   20.00    0.00   35.56    0.00    0.00    1.11    0.00    0.00    0.00   43.33
13:31:08       3   23.33    0.00   33.33    0.00    0.00    1.11    0.00    0.00    0.00   42.22

13:31:08     CPU    %usr   %nice    %sys %iowait    %irq   %soft  %steal  %guest  %gnice   %idle
13:31:09     all   13.98    0.00   28.23    0.00    0.00   27.97    0.00    0.00    0.00   29.82
13:31:09       0   11.70    0.00   26.60    0.00    0.00   38.30    0.00    0.00    0.00   23.40
13:31:09       1   18.75    0.00   38.54    0.00    0.00    3.12    0.00    0.00    0.00   39.58
13:31:09       2   21.74    0.00   35.87    0.00    0.00    1.09    0.00    0.00    0.00   41.30
13:31:09       3    4.12    0.00   12.37    0.00    0.00   68.04    0.00    0.00    0.00   15.46

13:31:09     CPU    %usr   %nice    %sys %iowait    %irq   %soft  %steal  %guest  %gnice   %idle
13:31:10     all   15.26    0.00   25.61    0.00    0.00   28.07    0.00    0.00    0.00   31.06
13:31:10       0   22.83    0.00   32.61    0.00    0.00    2.17    0.00    0.00    0.00   42.39
13:31:10       1   20.93    0.00   33.72    0.00    0.00    1.16    0.00    0.00    0.00   44.19
13:31:10       2   17.98    0.00   39.33    0.00    0.00    1.12    0.00    0.00    0.00   41.57
13:31:10       3    1.00    0.00    0.00    0.00    0.00   99.00    0.00    0.00    0.00    0.00

13:31:10     CPU    %usr   %nice    %sys %iowait    %irq   %soft  %steal  %guest  %gnice   %idle
13:31:11     all   13.94    0.00   26.54    0.27    0.00   28.15    0.00    0.00    0.00   31.10
13:31:11       0   18.48    0.00   36.96    0.00    0.00    3.26    0.00    0.00    0.00   41.30
13:31:11       1   19.10    0.00   35.96    1.12    0.00    0.00    0.00    0.00    0.00   43.82
13:31:11       2   19.57    0.00   35.87    0.00    0.00    2.17    0.00    0.00    0.00   42.39
13:31:11       3    0.00    0.00    0.00    0.00    0.00  100.00    0.00    0.00    0.00    0.00

13:31:11     CPU    %usr   %nice    %sys %iowait    %irq   %soft  %steal  %guest  %gnice   %idle
13:31:12     all   15.96    0.00   25.80    0.00    0.00   28.19    0.00    0.00    0.00   30.05
13:31:12       0   21.35    0.00   35.96    0.00    0.00    1.12    0.00    0.00    0.00   41.57
13:31:12       1   21.88    0.00   36.46    0.00    0.00    2.08    0.00    0.00    0.00   39.58
13:31:12       2   22.22    0.00   32.22    0.00    0.00    3.33    0.00    0.00    0.00   42.22
13:31:12       3    0.00    0.00    0.99    0.00    0.00   99.01    0.00    0.00    0.00    0.00

13:31:12     CPU    %usr   %nice    %sys %iowait    %irq   %soft  %steal  %guest  %gnice   %idle
13:31:13     all   12.47    0.00   29.00    0.00    0.00   27.64    0.00    0.00    0.00   30.89
13:31:13       0   17.39    0.00   39.13    0.00    0.00    2.17    0.00    0.00    0.00   41.30
13:31:13       1   17.05    0.00   38.64    0.00    0.00    1.14    0.00    0.00    0.00   43.18
13:31:13       2   16.67    0.00   41.11    0.00    0.00    0.00    0.00    0.00    0.00   42.22
13:31:13       3    0.00    0.00    0.00    0.00    0.00  100.00    0.00    0.00    0.00    0.00

13:31:13     CPU    %usr   %nice    %sys %iowait    %irq   %soft  %steal  %guest  %gnice   %idle
13:31:14     all   15.62    0.00   24.93    0.00    0.00   28.22    0.00    0.00    0.00   31.23
13:31:14       0   21.35    0.00   34.83    0.00    0.00    1.12    0.00    0.00    0.00   42.70
13:31:14       1   21.59    0.00   34.09    0.00    0.00    1.14    0.00    0.00    0.00   43.18
13:31:14       2   21.59    0.00   34.09    0.00    0.00    1.14    0.00    0.00    0.00   43.18
13:31:14       3    0.00    0.00    0.00    0.00    0.00  100.00    0.00    0.00    0.00    0.00

13:31:14     CPU    %usr   %nice    %sys %iowait    %irq   %soft  %steal  %guest  %gnice   %idle
13:31:15     all   14.48    0.00   25.96    0.00    0.00   28.42    0.00    0.00    0.00   31.15
13:31:15       0   14.77    0.00   39.77    0.00    0.00    2.27    0.00    0.00    0.00   43.18
13:31:15       1   22.47    0.00   33.71    0.00    0.00    1.12    0.00    0.00    0.00   42.70
13:31:15       2   22.73    0.00   32.95    0.00    0.00    1.14    0.00    0.00    0.00   43.18
13:31:15       3    0.00    0.00    0.99    0.00    0.00   99.01    0.00    0.00    0.00    0.00

13:31:15     CPU    %usr   %nice    %sys %iowait    %irq   %soft  %steal  %guest  %gnice   %idle
13:31:16     all   12.02    0.00   28.14    0.55    0.00   28.14    0.00    0.00    0.00   31.15
13:31:16       0   15.91    0.00   38.64    1.14    0.00    1.14    0.00    0.00    0.00   43.18
13:31:16       1   16.67    0.00   40.00    1.11    0.00    0.00    0.00    0.00    0.00   42.22
13:31:16       2   17.05    0.00   37.50    0.00    0.00    2.27    0.00    0.00    0.00   43.18
13:31:16       3    0.00    0.00    0.00    0.00    0.00  100.00    0.00    0.00    0.00    0.00

13:31:16     CPU    %usr   %nice    %sys %iowait    %irq   %soft  %steal  %guest  %gnice   %idle
13:31:17     all   12.19    0.00   28.53    0.00    0.00   28.53    0.00    0.00    0.00   30.75
13:31:17       0    6.25    0.00   11.46    0.00    0.00   68.75    0.00    0.00    0.00   13.54
13:31:17       1   16.28    0.00   39.53    0.00    0.00    1.16    0.00    0.00    0.00   43.02
13:31:17       2   14.94    0.00   42.53    0.00    0.00    0.00    0.00    0.00    0.00   42.53
13:31:17       3   11.96    0.00   22.83    0.00    0.00   39.13    0.00    0.00    0.00   26.09

13:31:17     CPU    %usr   %nice    %sys %iowait    %irq   %soft  %steal  %guest  %gnice   %idle
13:31:18     all   15.03    0.00   26.23    0.00    0.00   28.42    0.00    0.00    0.00   30.33
13:31:18       0    0.00    0.00    0.00    0.00    0.00  100.00    0.00    0.00    0.00    0.00
13:31:18       1   18.39    0.00   37.93    0.00    0.00    2.30    0.00    0.00    0.00   41.38
13:31:18       2   22.47    0.00   34.83    0.00    0.00    1.12    0.00    0.00    0.00   41.57
13:31:18       3   21.11    0.00   35.56    0.00    0.00    1.11    0.00    0.00    0.00   42.22

13:31:18     CPU    %usr   %nice    %sys %iowait    %irq   %soft  %steal  %guest  %gnice   %idle
13:31:19     all   17.20    0.00   24.19    0.00    0.00   27.96    0.00    0.00    0.00   30.65
13:31:19       0    0.00    0.00    0.99    0.00    0.00   99.01    0.00    0.00    0.00    0.00
13:31:19       1   23.33    0.00   32.22    0.00    0.00    2.22    0.00    0.00    0.00   42.22
13:31:19       2   23.08    0.00   34.07    0.00    0.00    1.10    0.00    0.00    0.00   41.76
13:31:19       3   24.44    0.00   32.22    0.00    0.00    1.11    0.00    0.00    0.00   42.22

13:31:19     CPU    %usr   %nice    %sys %iowait    %irq   %soft  %steal  %guest  %gnice   %idle
13:31:20     all   13.32    0.00   28.26    0.00    0.00   27.45    0.00    0.00    0.00   30.98
13:31:20       0    2.04    0.00    4.08    0.00    0.00   92.86    0.00    0.00    0.00    1.02
13:31:20       1   17.78    0.00   38.89    0.00    0.00    0.00    0.00    0.00    0.00   43.33
13:31:20       2   17.78    0.00   40.00    0.00    0.00    0.00    0.00    0.00    0.00   42.22
13:31:20       3   16.67    0.00   32.22    0.00    0.00   11.11    0.00    0.00    0.00   40.00

13:31:20     CPU    %usr   %nice    %sys %iowait    %irq   %soft  %steal  %guest  %gnice   %idle
13:31:21     all   12.60    0.00   28.42    0.80    0.00   27.61    0.00    0.00    0.00   30.56
13:31:21       0   16.13    0.00   40.86    0.00    0.00    1.08    0.00    0.00    0.00   41.94
13:31:21       1   13.33    0.00   35.56    0.00    0.00   11.11    0.00    0.00    0.00   40.00
13:31:21       2   20.88    0.00   34.07    2.20    0.00    1.10    0.00    0.00    0.00   41.76
13:31:21       3    1.01    0.00    5.05    1.01    0.00   91.92    0.00    0.00    0.00    1.01

13:31:21     CPU    %usr   %nice    %sys %iowait    %irq   %soft  %steal  %guest  %gnice   %idle
13:31:22     all   14.71    0.00   27.81    0.00    0.00   27.27    0.00    0.00    0.00   30.21
13:31:22       0    6.45    0.00   22.58    0.00    0.00   50.54    0.00    0.00    0.00   20.43
13:31:22       1    8.25    0.00   19.59    0.00    0.00   53.61    0.00    0.00    0.00   18.56
13:31:22       2   23.91    0.00   33.70    0.00    0.00    1.09    0.00    0.00    0.00   41.30
13:31:22       3   20.65    0.00   35.87    0.00    0.00    2.17    0.00    0.00    0.00   41.30

13:31:22     CPU    %usr   %nice    %sys %iowait    %irq   %soft  %steal  %guest  %gnice   %idle
13:31:23     all   13.19    0.00   29.82    0.00    0.00   27.70    0.00    0.00    0.00   29.29
13:31:23       0   19.35    0.00   39.78    0.00    0.00    1.08    0.00    0.00    0.00   39.78
13:31:23       1    2.02    0.00    9.09    0.00    0.00   82.83    0.00    0.00    0.00    6.06
13:31:23       2   18.28    0.00   39.78    0.00    0.00    2.15    0.00    0.00    0.00   39.78
13:31:23       3   13.83    0.00   31.91    0.00    0.00   21.28    0.00    0.00    0.00   32.98

13:31:23     CPU    %usr   %nice    %sys %iowait    %irq   %soft  %steal  %guest  %gnice   %idle
13:31:24     all   15.65    0.00   27.06    0.00    0.00   27.06    0.00    0.00    0.00   30.24
13:31:24       0   22.83    0.00   34.78    0.00    0.00    1.09    0.00    0.00    0.00   41.30
13:31:24       1   20.21    0.00   36.17    0.00    0.00    2.13    0.00    0.00    0.00   41.49
13:31:24       2   20.88    0.00   38.46    0.00    0.00    0.00    0.00    0.00    0.00   40.66
13:31:24       3    0.00    0.00    1.00    0.00    0.00   99.00    0.00    0.00    0.00    0.00

13:31:24     CPU    %usr   %nice    %sys %iowait    %irq   %soft  %steal  %guest  %gnice   %idle
13:31:25     all   14.86    0.00   26.22    0.00    0.00   28.11    0.00    0.00    0.00   30.81
13:31:25       0   17.98    0.00   38.20    0.00    0.00    1.12    0.00    0.00    0.00   42.70
13:31:25       1   22.22    0.00   34.44    0.00    0.00    2.22    0.00    0.00    0.00   41.11
13:31:25       2    6.19    0.00   10.31    0.00    0.00   70.10    0.00    0.00    0.00   13.40
13:31:25       3   13.83    0.00   23.40    0.00    0.00   35.11    0.00    0.00    0.00   27.66

13:31:25     CPU    %usr   %nice    %sys %iowait    %irq   %soft  %steal  %guest  %gnice   %idle
13:31:26     all   15.32    0.00   25.81    0.54    0.00   28.49    0.00    0.00    0.00   29.84
13:31:26       0   21.35    0.00   33.71    1.12    0.00    2.25    0.00    0.00    0.00   41.57
13:31:26       1   18.48    0.00   36.96    1.09    0.00    2.17    0.00    0.00    0.00   41.30
13:31:26       2   13.98    0.00   25.81    0.00    0.00   33.33    0.00    0.00    0.00   26.88
13:31:26       3    8.16    0.00    8.16    0.00    0.00   72.45    0.00    0.00    0.00   11.22

13:31:26     CPU    %usr   %nice    %sys %iowait    %irq   %soft  %steal  %guest  %gnice   %idle
13:31:27     all   15.03    0.00   25.14    0.00    0.00   28.69    0.00    0.00    0.00   31.15
13:31:27       0   18.60    0.00   36.05    0.00    0.00    2.33    0.00    0.00    0.00   43.02
13:31:27       1   22.73    0.00   31.82    0.00    0.00    2.27    0.00    0.00    0.00   43.18
13:31:27       2   20.88    0.00   35.16    0.00    0.00    1.10    0.00    0.00    0.00   42.86
13:31:27       3    0.00    0.00    0.99    0.00    0.00   99.01    0.00    0.00    0.00    0.00

13:31:27     CPU    %usr   %nice    %sys %iowait    %irq   %soft  %steal  %guest  %gnice   %idle
13:31:28     all   13.55    0.00   27.64    0.00    0.00   27.91    0.00    0.00    0.00   30.89
13:31:28       0   17.78    0.00   37.78    0.00    0.00    1.11    0.00    0.00    0.00   43.33
13:31:28       1   20.88    0.00   36.26    0.00    0.00    1.10    0.00    0.00    0.00   41.76
13:31:28       2   11.70    0.00   19.15    0.00    0.00   45.74    0.00    0.00    0.00   23.40
13:31:28       3    4.26    0.00   18.09    0.00    0.00   61.70    0.00    0.00    0.00   15.96

13:31:28     CPU    %usr   %nice    %sys %iowait    %irq   %soft  %steal  %guest  %gnice   %idle
13:31:29     all   12.91    0.00   27.47    0.00    0.00   27.75    0.00    0.00    0.00   31.87
13:31:29       0   17.98    0.00   38.20    0.00    0.00    0.00    0.00    0.00    0.00   43.82
13:31:29       1   17.86    0.00   36.90    0.00    0.00    0.00    0.00    0.00    0.00   45.24
13:31:29       2    0.00    0.00    0.00    0.00    0.00  100.00    0.00    0.00    0.00    0.00
13:31:29       3   17.58    0.00   38.46    0.00    0.00    1.10    0.00    0.00    0.00   42.86

13:31:29     CPU    %usr   %nice    %sys %iowait    %irq   %soft  %steal  %guest  %gnice   %idle
13:31:30     all   14.09    0.00   26.02    0.00    0.00   28.46    0.00    0.00    0.00   31.44
13:31:30       0   21.59    0.00   30.68    0.00    0.00    3.41    0.00    0.00    0.00   44.32
13:31:30       1   19.10    0.00   35.96    0.00    0.00    1.12    0.00    0.00    0.00   43.82
13:31:30       2    0.00    0.00    0.00    0.00    0.00  100.00    0.00    0.00    0.00    0.00
13:31:30       3   17.39    0.00   40.22    0.00    0.00    1.09    0.00    0.00    0.00   41.30

13:31:30     CPU    %usr   %nice    %sys %iowait    %irq   %soft  %steal  %guest  %gnice   %idle
13:31:31     all   12.43    0.00   29.46    0.00    0.00   27.84    0.00    0.00    0.00   30.27
13:31:31       0   18.09    0.00   40.43    0.00    0.00    2.13    0.00    0.00    0.00   39.36
13:31:31       1   16.85    0.00   41.57    0.00    0.00    0.00    0.00    0.00    0.00   41.57
13:31:31       2    0.00    0.00    0.00    0.00    0.00  100.00    0.00    0.00    0.00    0.00
13:31:31       3   16.09    0.00   39.08    0.00    0.00    1.15    0.00    0.00    0.00   43.68

13:31:31     CPU    %usr   %nice    %sys %iowait    %irq   %soft  %steal  %guest  %gnice   %idle
13:31:32     all   13.28    0.00   27.91    0.27    0.00   28.18    0.00    0.00    0.00   30.35
13:31:32       0   16.67    0.00   40.00    0.00    0.00    2.22    0.00    0.00    0.00   41.11
13:31:32       1   17.05    0.00   37.50    0.00    0.00    2.27    0.00    0.00    0.00   43.18
13:31:32       2    0.00    0.00    0.00    0.00    0.00  100.00    0.00    0.00    0.00    0.00
13:31:32       3   20.88    0.00   37.36    1.10    0.00    0.00    0.00    0.00    0.00   40.66

13:31:32     CPU    %usr   %nice    %sys %iowait    %irq   %soft  %steal  %guest  %gnice   %idle
13:31:33     all   14.48    0.00   26.27    0.00    0.00   28.15    0.00    0.00    0.00   31.10
13:31:33       0   19.78    0.00   35.16    0.00    0.00    2.20    0.00    0.00    0.00   42.86
13:31:33       1   18.28    0.00   37.63    0.00    0.00    2.15    0.00    0.00    0.00   41.94
13:31:33       2    0.00    0.00    0.00    0.00    0.00  100.00    0.00    0.00    0.00    0.00
13:31:33       3   21.35    0.00   34.83    0.00    0.00    1.12    0.00    0.00    0.00   42.70

13:31:33     CPU    %usr   %nice    %sys %iowait    %irq   %soft  %steal  %guest  %gnice   %idle
13:31:34     all   12.33    0.00   28.95    0.00    0.00   27.61    0.00    0.00    0.00   31.10
13:31:34       0   15.73    0.00   40.45    0.00    0.00    0.00    0.00    0.00    0.00   43.82
13:31:34       1   18.68    0.00   38.46    0.00    0.00    0.00    0.00    0.00    0.00   42.86
13:31:34       2    0.00    0.00    0.00    0.00    0.00  100.00    0.00    0.00    0.00    0.00
13:31:34       3   16.13    0.00   39.78    0.00    0.00    3.23    0.00    0.00    0.00   40.86

13:31:34     CPU    %usr   %nice    %sys %iowait    %irq   %soft  %steal  %guest  %gnice   %idle
13:31:35     all   15.57    0.00   26.91    0.00    0.00   26.91    0.00    0.00    0.00   30.61
13:31:35       0   23.66    0.00   34.41    0.00    0.00    1.08    0.00    0.00    0.00   40.86
13:31:35       1   19.57    0.00   36.96    0.00    0.00    2.17    0.00    0.00    0.00   41.30
13:31:35       2   20.00    0.00   37.89    0.00    0.00    1.05    0.00    0.00    0.00   41.05
13:31:35       3    0.00    0.00    0.00    0.00    0.00   98.99    0.00    0.00    0.00    1.01

13:31:35     CPU    %usr   %nice    %sys %iowait    %irq   %soft  %steal  %guest  %gnice   %idle
13:31:36     all   13.79    0.00   28.65    1.59    0.00   27.06    0.00    0.00    0.00   28.91
13:31:36       0   19.57    0.00   36.96    3.26    0.00    1.09    0.00    0.00    0.00   39.13
13:31:36       1   16.84    0.00   42.11    3.16    0.00    1.05    0.00    0.00    0.00   36.84
13:31:36       2   20.00    0.00   37.78    0.00    0.00    0.00    0.00    0.00    0.00   42.22
13:31:36       3    0.00    0.00    0.00    0.00    0.00  100.00    0.00    0.00    0.00    0.00

13:31:36     CPU    %usr   %nice    %sys %iowait    %irq   %soft  %steal  %guest  %gnice   %idle
13:31:37     all   14.63    0.00   27.10    0.00    0.00   27.37    0.00    0.00    0.00   30.89
13:31:37       0   19.57    0.00   40.22    0.00    0.00    0.00    0.00    0.00    0.00   40.22
13:31:37       1   21.59    0.00   34.09    0.00    0.00    1.14    0.00    0.00    0.00   43.18
13:31:37       2   19.10    0.00   37.08    0.00    0.00    0.00    0.00    0.00    0.00   43.82
13:31:37       3    0.00    0.00    0.00    0.00    0.00  100.00    0.00    0.00    0.00    0.00

13:31:37     CPU    %usr   %nice    %sys %iowait    %irq   %soft  %steal  %guest  %gnice   %idle
13:31:38     all   15.36    0.00   26.68    0.00    0.00   27.22    0.00    0.00    0.00   30.73
13:31:38       0   20.45    0.00   35.23    0.00    0.00    0.00    0.00    0.00    0.00   44.32
13:31:38       1   19.10    0.00   38.20    0.00    0.00    0.00    0.00    0.00    0.00   42.70
13:31:38       2   23.40    0.00   36.17    0.00    0.00    1.06    0.00    0.00    0.00   39.36
13:31:38       3    0.00    0.00    0.00    0.00    0.00  100.00    0.00    0.00    0.00    0.00

13:31:38     CPU    %usr   %nice    %sys %iowait    %irq   %soft  %steal  %guest  %gnice   %idle
13:31:39     all   13.33    0.00   28.27    0.00    0.00   28.27    0.00    0.00    0.00   30.13
13:31:39       0   17.20    0.00   39.78    0.00    0.00    4.30    0.00    0.00    0.00   38.71
13:31:39       1   19.35    0.00   38.71    0.00    0.00    1.08    0.00    0.00    0.00   40.86
13:31:39       2   17.98    0.00   37.08    0.00    0.00    1.12    0.00    0.00    0.00   43.82
13:31:39       3    0.00    0.00    0.00    0.00    0.00  100.00    0.00    0.00    0.00    0.00

13:31:39     CPU    %usr   %nice    %sys %iowait    %irq   %soft  %steal  %guest  %gnice   %idle
13:31:40     all   12.77    0.00   26.90    0.00    0.00   29.35    0.00    0.00    0.00   30.98
13:31:40       0   19.10    0.00   37.08    0.00    0.00    2.25    0.00    0.00    0.00   41.57
13:31:40       1   14.77    0.00   38.64    0.00    0.00    3.41    0.00    0.00    0.00   43.18
13:31:40       2    5.15    0.00   13.40    0.00    0.00   64.95    0.00    0.00    0.00   16.49
13:31:40       3   12.77    0.00   20.21    0.00    0.00   42.55    0.00    0.00    0.00   24.47

13:31:40     CPU    %usr   %nice    %sys %iowait    %irq   %soft  %steal  %guest  %gnice   %idle
13:31:41     all   11.75    0.00   28.96    0.55    0.00   28.42    0.00    0.00    0.00   30.33
13:31:41       0   16.85    0.00   38.20    1.12    0.00    2.25    0.00    0.00    0.00   41.57
13:31:41       1   16.67    0.00   38.89    0.00    0.00    2.22    0.00    0.00    0.00   42.22
13:31:41       2   10.87    0.00   28.26    1.09    0.00   31.52    0.00    0.00    0.00   28.26
13:31:41       3    3.16    0.00   11.58    0.00    0.00   74.74    0.00    0.00    0.00   10.53

13:31:41     CPU    %usr   %nice    %sys %iowait    %irq   %soft  %steal  %guest  %gnice   %idle
13:31:42     all   13.87    0.00   28.53    0.00    0.00   28.27    0.00    0.00    0.00   29.33
13:31:42       0    7.14    0.00   10.20    0.00    0.00   73.47    0.00    0.00    0.00    9.18
13:31:42       1   19.78    0.00   37.36    0.00    0.00    2.20    0.00    0.00    0.00   40.66
13:31:42       2   18.68    0.00   39.56    0.00    0.00    2.20    0.00    0.00    0.00   39.56
13:31:42       3   10.53    0.00   28.42    0.00    0.00   31.58    0.00    0.00    0.00   29.47

13:31:42     CPU    %usr   %nice    %sys %iowait    %irq   %soft  %steal  %guest  %gnice   %idle
13:31:43     all   15.99    0.00   25.47    0.00    0.00   27.64    0.00    0.00    0.00   30.89
13:31:43       0   20.21    0.00   38.30    0.00    0.00    1.06    0.00    0.00    0.00   40.43
13:31:43       1   17.05    0.00   38.64    0.00    0.00    1.14    0.00    0.00    0.00   43.18
13:31:43       2   28.74    0.00   27.59    0.00    0.00    0.00    0.00    0.00    0.00   43.68
13:31:43       3    0.00    0.00    0.00    0.00    0.00  100.00    0.00    0.00    0.00    0.00

13:31:43     CPU    %usr   %nice    %sys %iowait    %irq   %soft  %steal  %guest  %gnice   %idle
13:31:44     all   16.54    0.00   26.51    0.00    0.00   27.03    0.00    0.00    0.00   29.92
13:31:44       0   22.83    0.00   34.78    0.00    0.00    1.09    0.00    0.00    0.00   41.30
13:31:44       1   23.16    0.00   35.79    0.00    0.00    1.05    0.00    0.00    0.00   40.00
13:31:44       2   21.51    0.00   36.56    0.00    0.00    1.08    0.00    0.00    0.00   40.86
13:31:44       3    0.00    0.00    0.99    0.00    0.00   99.01    0.00    0.00    0.00    0.00

13:31:44     CPU    %usr   %nice    %sys %iowait    %irq   %soft  %steal  %guest  %gnice   %idle
13:31:45     all   12.13    0.00   27.76    0.00    0.00   28.03    0.00    0.00    0.00   32.08
13:31:45       0   16.67    0.00   37.78    0.00    0.00    2.22    0.00    0.00    0.00   43.33
13:31:45       1   17.39    0.00   39.13    0.00    0.00    0.00    0.00    0.00    0.00   43.48
13:31:45       2   15.73    0.00   37.08    0.00    0.00    2.25    0.00    0.00    0.00   44.94
13:31:45       3    0.00    0.00    0.00    0.00    0.00  100.00    0.00    0.00    0.00    0.00

13:31:45     CPU    %usr   %nice    %sys %iowait    %irq   %soft  %steal  %guest  %gnice   %idle
13:31:46     all   15.24    0.00   28.07    0.00    0.00   27.54    0.00    0.00    0.00   29.14
13:31:46       0   21.98    0.00   37.36    0.00    0.00    1.10    0.00    0.00    0.00   39.56
13:31:46       1   19.57    0.00   40.22    0.00    0.00    1.09    0.00    0.00    0.00   39.13
13:31:46       2   20.88    0.00   37.36    0.00    0.00    1.10    0.00    0.00    0.00   40.66
13:31:46       3    0.00    0.00    0.00    0.00    0.00  100.00    0.00    0.00    0.00    0.00

13:31:46     CPU    %usr   %nice    %sys %iowait    %irq   %soft  %steal  %guest  %gnice   %idle
13:31:47     all   13.39    0.00   27.05    0.00    0.00   27.87    0.00    0.00    0.00   31.69
13:31:47       0   19.32    0.00   36.36    0.00    0.00    1.14    0.00    0.00    0.00   43.18
13:31:47       1   16.67    0.00   38.89    0.00    0.00    0.00    0.00    0.00    0.00   44.44
13:31:47       2   19.10    0.00   35.96    0.00    0.00    2.25    0.00    0.00    0.00   42.70
13:31:47       3    0.00    0.00    0.00    0.00    0.00  100.00    0.00    0.00    0.00    0.00

13:31:47     CPU    %usr   %nice    %sys %iowait    %irq   %soft  %steal  %guest  %gnice   %idle
13:31:48     all   12.23    0.00   28.53    0.00    0.00   28.53    0.00    0.00    0.00   30.71
13:31:48       0   17.98    0.00   38.20    0.00    0.00    2.25    0.00    0.00    0.00   41.57
13:31:48       1   13.64    0.00   42.05    0.00    0.00    1.14    0.00    0.00    0.00   43.18
13:31:48       2   18.68    0.00   37.36    0.00    0.00    2.20    0.00    0.00    0.00   41.76
13:31:48       3    0.00    0.00    0.00    0.00    0.00  100.00    0.00    0.00    0.00    0.00

13:31:48     CPU    %usr   %nice    %sys %iowait    %irq   %soft  %steal  %guest  %gnice   %idle
13:31:49     all   14.17    0.00   28.07    0.00    0.00   26.74    0.00    0.00    0.00   31.02
13:31:49       0   18.68    0.00   39.56    0.00    0.00    0.00    0.00    0.00    0.00   41.76
13:31:49       1   19.57    0.00   39.13    0.00    0.00    0.00    0.00    0.00    0.00   41.30
13:31:49       2   19.78    0.00   36.26    0.00    0.00    0.00    0.00    0.00    0.00   43.96
13:31:49       3    0.00    0.00    0.00    0.00    0.00  100.00    0.00    0.00    0.00    0.00

13:31:49     CPU    %usr   %nice    %sys %iowait    %irq   %soft  %steal  %guest  %gnice   %idle
13:31:50     all   14.52    0.00   26.08    0.00    0.00   28.49    0.00    0.00    0.00   30.91
13:31:50       0   20.22    0.00   34.83    0.00    0.00    1.12    0.00    0.00    0.00   43.82
13:31:50       1   19.35    0.00   36.56    0.00    0.00    3.23    0.00    0.00    0.00   40.86
13:31:50       2   20.00    0.00   35.56    0.00    0.00    2.22    0.00    0.00    0.00   42.22
13:31:50       3    0.00    0.00    0.00    0.00    0.00  100.00    0.00    0.00    0.00    0.00

13:31:50     CPU    %usr   %nice    %sys %iowait    %irq   %soft  %steal  %guest  %gnice   %idle
13:31:51     all   13.64    0.00   28.34    0.53    0.00   27.27    0.00    0.00    0.00   30.21
13:31:51       0   17.98    0.00   39.33    1.12    0.00    1.12    0.00    0.00    0.00   40.45
13:31:51       1   18.95    0.00   37.89    1.05    0.00    1.05    0.00    0.00    0.00   41.05
13:31:51       2   18.89    0.00   37.78    0.00    0.00    1.11    0.00    0.00    0.00   42.22
13:31:51       3    0.00    0.00    1.00    0.00    0.00   99.00    0.00    0.00    0.00    0.00

13:31:51     CPU    %usr   %nice    %sys %iowait    %irq   %soft  %steal  %guest  %gnice   %idle
13:31:52     all   15.43    0.00   26.60    0.00    0.00   27.66    0.00    0.00    0.00   30.32
13:31:52       0    5.21    0.00    6.25    0.00    0.00   78.12    0.00    0.00    0.00   10.42
13:31:52       1   20.65    0.00   36.96    0.00    0.00    1.09    0.00    0.00    0.00   41.30
13:31:52       2   21.74    0.00   38.04    0.00    0.00    0.00    0.00    0.00    0.00   40.22
13:31:52       3   14.58    0.00   26.04    0.00    0.00   29.17    0.00    0.00    0.00   30.21

13:31:52     CPU    %usr   %nice    %sys %iowait    %irq   %soft  %steal  %guest  %gnice   %idle
13:31:53     all   14.79    0.00   26.30    0.00    0.00   27.95    0.00    0.00    0.00   30.96
13:31:53       0    0.00    0.00    0.00    0.00    0.00  100.00    0.00    0.00    0.00    0.00
13:31:53       1   21.35    0.00   33.71    0.00    0.00    2.25    0.00    0.00    0.00   42.70
13:31:53       2   20.93    0.00   36.05    0.00    0.00    0.00    0.00    0.00    0.00   43.02
13:31:53       3   18.68    0.00   38.46    0.00    0.00    1.10    0.00    0.00    0.00   41.76

13:31:53     CPU    %usr   %nice    %sys %iowait    %irq   %soft  %steal  %guest  %gnice   %idle
13:31:54     all   14.56    0.00   27.49    0.00    0.00   27.49    0.00    0.00    0.00   30.46
13:31:54       0    0.00    0.00    0.00    0.00    0.00  100.00    0.00    0.00    0.00    0.00
13:31:54       1   20.88    0.00   38.46    0.00    0.00    0.00    0.00    0.00    0.00   40.66
13:31:54       2   20.00    0.00   37.78    0.00    0.00    0.00    0.00    0.00    0.00   42.22
13:31:54       3   18.89    0.00   36.67    0.00    0.00    2.22    0.00    0.00    0.00   42.22

13:31:54     CPU    %usr   %nice    %sys %iowait    %irq   %soft  %steal  %guest  %gnice   %idle
13:31:55     all   15.61    0.00   25.93    0.00    0.00   28.31    0.00    0.00    0.00   30.16
13:31:55       0    6.12    0.00   11.22    0.00    0.00   72.45    0.00    0.00    0.00   10.20
13:31:55       1   13.68    0.00   23.16    0.00    0.00   32.63    0.00    0.00    0.00   30.53
13:31:55       2   21.28    0.00   35.11    0.00    0.00    3.19    0.00    0.00    0.00   40.43
13:31:55       3   21.98    0.00   35.16    0.00    0.00    2.20    0.00    0.00    0.00   40.66

13:31:55     CPU    %usr   %nice    %sys %iowait    %irq   %soft  %steal  %guest  %gnice   %idle
13:31:56     all   13.23    0.00   26.72    2.12    0.00   27.51    0.00    0.00    0.00   30.42
13:31:56       0   21.05    0.00   34.74    4.21    0.00    1.05    0.00    0.00    0.00   38.95
13:31:56       1    0.00    0.00    0.00    0.00    0.00   99.00    0.00    0.00    0.00    1.00
13:31:56       2   17.58    0.00   36.26    0.00    0.00    2.20    0.00    0.00    0.00   43.96
13:31:56       3   15.22    0.00   38.04    4.35    0.00    2.17    0.00    0.00    0.00   40.22

13:31:56     CPU    %usr   %nice    %sys %iowait    %irq   %soft  %steal  %guest  %gnice   %idle
13:31:57     all   16.31    0.00   26.74    0.00    0.00   28.34    0.00    0.00    0.00   28.61
13:31:57       0   23.91    0.00   35.87    0.00    0.00    2.17    0.00    0.00    0.00   38.04
13:31:57       1   11.70    0.00   21.28    0.00    0.00   40.43    0.00    0.00    0.00   26.60
13:31:57       2    9.38    0.00   11.46    0.00    0.00   66.67    0.00    0.00    0.00   12.50
13:31:57       3   20.65    0.00   39.13    0.00    0.00    2.17    0.00    0.00    0.00   38.04

13:31:57     CPU    %usr   %nice    %sys %iowait    %irq   %soft  %steal  %guest  %gnice   %idle
13:31:58     all   12.00    0.00   29.87    0.00    0.00   27.73    0.00    0.00    0.00   30.40
13:31:58       0   15.96    0.00   42.55    0.00    0.00    1.06    0.00    0.00    0.00   40.43
13:31:58       1    0.00    0.00    0.00    0.00    0.00  100.00    0.00    0.00    0.00    0.00
13:31:58       2   14.44    0.00   41.11    0.00    0.00    2.22    0.00    0.00    0.00   42.22
13:31:58       3   18.68    0.00   38.46    0.00    0.00    1.10    0.00    0.00    0.00   41.76

13:31:58     CPU    %usr   %nice    %sys %iowait    %irq   %soft  %steal  %guest  %gnice   %idle
13:31:59     all   13.33    0.00   27.73    0.00    0.00   28.27    0.00    0.00    0.00   30.67
13:31:59       0   15.73    0.00   39.33    0.00    0.00    1.12    0.00    0.00    0.00   43.82
13:31:59       1    0.00    0.00    0.00    0.00    0.00  100.00    0.00    0.00    0.00    0.00
13:31:59       2   21.51    0.00   35.48    0.00    0.00    2.15    0.00    0.00    0.00   40.86
13:31:59       3   17.20    0.00   38.71    0.00    0.00    3.23    0.00    0.00    0.00   40.86

13:31:59     CPU    %usr   %nice    %sys %iowait    %irq   %soft  %steal  %guest  %gnice   %idle
13:32:00     all   16.53    0.00   26.13    0.00    0.00   26.93    0.00    0.00    0.00   30.40
13:32:00       0   20.22    0.00   38.20    0.00    0.00    0.00    0.00    0.00    0.00   41.57
13:32:00       1    0.00    0.00    0.00    0.00    0.00  100.00    0.00    0.00    0.00    0.00
13:32:00       2   23.91    0.00   34.78    0.00    0.00    0.00    0.00    0.00    0.00   41.30
13:32:00       3   23.40    0.00   34.04    0.00    0.00    1.06    0.00    0.00    0.00   41.49

13:32:00     CPU    %usr   %nice    %sys %iowait    %irq   %soft  %steal  %guest  %gnice   %idle
13:32:01     all   13.51    0.00   27.84    0.00    0.00   28.11    0.00    0.00    0.00   30.54
13:32:01       0   15.56    0.00   41.11    0.00    0.00    1.11    0.00    0.00    0.00   42.22
13:32:01       1    0.00    0.00    0.00    0.00    0.00  100.00    0.00    0.00    0.00    0.00
13:32:01       2   20.00    0.00   35.56    0.00    0.00    2.22    0.00    0.00    0.00   42.22
13:32:01       3   20.00    0.00   37.78    0.00    0.00    1.11    0.00    0.00    0.00   41.11

13:32:01     CPU    %usr   %nice    %sys %iowait    %irq   %soft  %steal  %guest  %gnice   %idle
13:32:02     all   12.67    0.00   27.76    0.00    0.00   28.57    0.00    0.00    0.00   31.00
13:32:02       0   17.98    0.00   37.08    0.00    0.00    2.25    0.00    0.00    0.00   42.70
13:32:02       1    0.00    0.00    1.00    0.00    0.00   99.00    0.00    0.00    0.00    0.00
13:32:02       2   14.29    0.00   41.76    0.00    0.00    2.20    0.00    0.00    0.00   41.76
13:32:02       3   19.78    0.00   34.07    0.00    0.00    3.30    0.00    0.00    0.00   42.86

13:32:02     CPU    %usr   %nice    %sys %iowait    %irq   %soft  %steal  %guest  %gnice   %idle
13:32:03     all   12.88    0.00   27.67    0.00    0.00   28.22    0.00    0.00    0.00   31.23
13:32:03       0   17.98    0.00   38.20    0.00    0.00    1.12    0.00    0.00    0.00   42.70
13:32:03       1    0.00    0.00    0.00    0.00    0.00  100.00    0.00    0.00    0.00    0.00
13:32:03       2   19.54    0.00   36.78    0.00    0.00    0.00    0.00    0.00    0.00   43.68
13:32:03       3   15.73    0.00   39.33    0.00    0.00    2.25    0.00    0.00    0.00   42.70

13:32:03     CPU    %usr   %nice    %sys %iowait    %irq   %soft  %steal  %guest  %gnice   %idle
13:32:04     all   15.47    0.00   26.67    0.00    0.00   28.53    0.00    0.00    0.00   29.33
13:32:04       0   21.51    0.00   36.56    0.00    0.00    3.23    0.00    0.00    0.00   38.71
13:32:04       1   15.96    0.00   29.79    0.00    0.00   24.47    0.00    0.00    0.00   29.79
13:32:04       2   22.22    0.00   35.56    0.00    0.00    1.11    0.00    0.00    0.00   41.11
13:32:04       3    3.06    0.00    6.12    0.00    0.00   81.63    0.00    0.00    0.00    9.18

13:32:04     CPU    %usr   %nice    %sys %iowait    %irq   %soft  %steal  %guest  %gnice   %idle
13:32:05     all   14.05    0.00   27.55    0.00    0.00   28.37    0.00    0.00    0.00   30.03
13:32:05       0   10.87    0.00   20.65    0.00    0.00   42.39    0.00    0.00    0.00   26.09
13:32:05       1   21.35    0.00   37.08    0.00    0.00    1.12    0.00    0.00    0.00   40.45
13:32:05       2   17.24    0.00   40.23    0.00    0.00    1.15    0.00    0.00    0.00   41.38
13:32:05       3    7.37    0.00   13.68    0.00    0.00   65.26    0.00    0.00    0.00   13.68

Average:     CPU    %usr   %nice    %sys %iowait    %irq   %soft  %steal  %guest  %gnice   %idle
Average:     all   14.16    0.00   27.26    0.12    0.00   27.92    0.00    0.00    0.00   30.54
Average:       0   14.99    0.00   29.52    0.20    0.00   22.72    0.00    0.00    0.00   32.57
Average:       1   15.89    0.00   31.14    0.13    0.00   17.95    0.00    0.00    0.00   34.89
Average:       2   16.72    0.00   30.83    0.05    0.00   17.25    0.00    0.00    0.00   35.14
Average:       3    9.23    0.00   17.88    0.10    0.00   52.83    0.00    0.00    0.00   19.95
