Linux 6.12.47+rpt-rpi-v8 (host1) 	09/12/25 	_aarch64_	(4 CPU)

11:59:16     CPU    %usr   %nice    %sys %iowait    %irq   %soft  %steal  %guest  %gnice   %idle
11:59:17     all    0.26    0.00    0.51    0.00    0.00    6.14    0.00    0.00    0.00   93.09
11:59:17       0    0.00    0.00    0.00    0.00    0.00   22.22    0.00    0.00    0.00   77.78
11:59:17       1    1.02    0.00    1.02    0.00    0.00    1.02    0.00    0.00    0.00   96.94
11:59:17       2    0.00    0.00    0.00    0.00    0.00    0.00    0.00    0.00    0.00  100.00
11:59:17       3    0.00    0.00    1.02    0.00    0.00    1.02    0.00    0.00    0.00   97.96

11:59:17     CPU    %usr   %nice    %sys %iowait    %irq   %soft  %steal  %guest  %gnice   %idle
11:59:18     all    0.28    0.00    0.28    0.00    0.00   30.30    0.00    0.00    0.00   69.15
11:59:18       0    0.00    0.00    0.00    0.00    0.00  100.00    0.00    0.00    0.00    0.00
11:59:18       1    0.00    0.00    0.00    0.00    0.00    3.41    0.00    0.00    0.00   96.59
11:59:18       2    1.14    0.00    1.14    0.00    0.00    4.55    0.00    0.00    0.00   93.18
11:59:18       3    0.00    0.00    0.00    0.00    0.00    3.45    0.00    0.00    0.00   96.55

11:59:18     CPU    %usr   %nice    %sys %iowait    %irq   %soft  %steal  %guest  %gnice   %idle
11:59:19     all    0.00    0.00    0.81    0.00    0.00   29.27    0.00    0.00    0.00   69.92
11:59:19       0    0.00    0.00    0.00    0.00    0.00  100.00    0.00    0.00    0.00    0.00
11:59:19       1    0.00    0.00    1.11    0.00    0.00    3.33    0.00    0.00    0.00   95.56
11:59:19       2    0.00    0.00    1.12    0.00    0.00    3.37    0.00    0.00    0.00   95.51
11:59:19       3    0.00    0.00    1.11    0.00    0.00    2.22    0.00    0.00    0.00   96.67

11:59:19     CPU    %usr   %nice    %sys %iowait    %irq   %soft  %steal  %guest  %gnice   %idle
11:59:20     all    0.00    0.00    1.07    0.00    0.00   28.88    0.00    0.00    0.00   70.05
11:59:20       0    0.00    0.00    0.00    0.00    0.00  100.00    0.00    0.00    0.00    0.00
11:59:20       1    0.00    0.00    1.10    0.00    0.00    2.20    0.00    0.00    0.00   96.70
11:59:20       2    0.00    0.00    1.09    0.00    0.00    4.35    0.00    0.00    0.00   94.57
11:59:20       3    0.00    0.00    2.20    0.00    0.00    2.20    0.00    0.00    0.00   95.60

11:59:20     CPU    %usr   %nice    %sys %iowait    %irq   %soft  %steal  %guest  %gnice   %idle
11:59:21     all    0.00    0.00    0.00    0.00    0.00   28.49    0.00    0.00    0.00   71.51
11:59:21       0    0.00    0.00    0.00    0.00    0.00  100.00    0.00    0.00    0.00    0.00
11:59:21       1    0.00    0.00    0.00    0.00    0.00    2.22    0.00    0.00    0.00   97.78
11:59:21       2    0.00    0.00    0.00    0.00    0.00    1.15    0.00    0.00    0.00   98.85
11:59:21       3    0.00    0.00    0.00    0.00    0.00    1.14    0.00    0.00    0.00   98.86

11:59:21     CPU    %usr   %nice    %sys %iowait    %irq   %soft  %steal  %guest  %gnice   %idle
11:59:22     all    0.00    0.00    0.27    0.27    0.00   28.53    0.00    0.00    0.00   70.92
11:59:22       0    0.00    0.00    0.00    0.00    0.00  100.00    0.00    0.00    0.00    0.00
11:59:22       1    0.00    0.00    1.10    1.10    0.00    2.20    0.00    0.00    0.00   95.60
11:59:22       2    0.00    0.00    0.00    0.00    0.00    2.27    0.00    0.00    0.00   97.73
11:59:22       3    0.00    0.00    0.00    0.00    0.00    1.12    0.00    0.00    0.00   98.88

11:59:22     CPU    %usr   %nice    %sys %iowait    %irq   %soft  %steal  %guest  %gnice   %idle
11:59:23     all    0.00    0.00    0.27    0.00    0.00   29.86    0.00    0.00    0.00   69.86
11:59:23       0    0.00    0.00    0.00    0.00    0.00  100.00    0.00    0.00    0.00    0.00
11:59:23       1    0.00    0.00    0.00    0.00    0.00    3.37    0.00    0.00    0.00   96.63
11:59:23       2    0.00    0.00    1.12    0.00    0.00    4.49    0.00    0.00    0.00   94.38
11:59:23       3    0.00    0.00    0.00    0.00    0.00    2.30    0.00    0.00    0.00   97.70

11:59:23     CPU    %usr   %nice    %sys %iowait    %irq   %soft  %steal  %guest  %gnice   %idle
11:59:24     all    0.00    0.00    0.28    0.00    0.00   29.83    0.00    0.00    0.00   69.89
11:59:24       0    0.00    0.00    0.00    0.00    0.00  100.00    0.00    0.00    0.00    0.00
11:59:24       1    0.00    0.00    0.00    0.00    0.00    3.41    0.00    0.00    0.00   96.59
11:59:24       2    0.00    0.00    0.00    0.00    0.00    2.33    0.00    0.00    0.00   97.67
11:59:24       3    0.00    0.00    1.14    0.00    0.00    3.41    0.00    0.00    0.00   95.45

11:59:24     CPU    %usr   %nice    %sys %iowait    %irq   %soft  %steal  %guest  %gnice   %idle
11:59:25     all    0.00    0.00    0.27    0.00    0.00   30.52    0.00    0.00    0.00   69.21
11:59:25       0    0.00    0.00    0.00    0.00    0.00  100.00    0.00    0.00    0.00    0.00
11:59:25       1    0.00    0.00    0.00    0.00    0.00    5.56    0.00    0.00    0.00   94.44
11:59:25       2    0.00    0.00    0.00    0.00    0.00    3.45    0.00    0.00    0.00   96.55
11:59:25       3    0.00    0.00    1.11    0.00    0.00    4.44    0.00    0.00    0.00   94.44

11:59:25     CPU    %usr   %nice    %sys %iowait    %irq   %soft  %steal  %guest  %gnice   %idle
11:59:26     all    0.00    0.00    0.28    0.00    0.00   30.03    0.00    0.00    0.00   69.70
11:59:26       0    0.00    0.00    0.00    0.00    0.00  100.00    0.00    0.00    0.00    0.00
11:59:26       1    0.00    0.00    0.00    0.00    0.00    5.56    0.00    0.00    0.00   94.44
11:59:26       2    0.00    0.00    1.14    0.00    0.00    3.41    0.00    0.00    0.00   95.45
11:59:26       3    0.00    0.00    0.00    0.00    0.00    1.18    0.00    0.00    0.00   98.82

11:59:26     CPU    %usr   %nice    %sys %iowait    %irq   %soft  %steal  %guest  %gnice   %idle
11:59:27     all    0.00    0.00    0.27    0.00    0.00   30.62    0.00    0.00    0.00   69.11
11:59:27       0    0.00    0.00    0.00    0.00    0.00  100.00    0.00    0.00    0.00    0.00
11:59:27       1    0.00    0.00    0.00    0.00    0.00    5.49    0.00    0.00    0.00   94.51
11:59:27       2    0.00    0.00    0.00    0.00    0.00    4.55    0.00    0.00    0.00   95.45
11:59:27       3    0.00    0.00    1.11    0.00    0.00    4.44    0.00    0.00    0.00   94.44

11:59:27     CPU    %usr   %nice    %sys %iowait    %irq   %soft  %steal  %guest  %gnice   %idle
11:59:28     all    0.00    0.00    0.55    0.00    0.00   29.83    0.00    0.00    0.00   69.61
11:59:28       0    0.00    0.00    0.00    0.00    0.00  100.00    0.00    0.00    0.00    0.00
11:59:28       1    0.00    0.00    1.15    0.00    0.00    2.30    0.00    0.00    0.00   96.55
11:59:28       2    0.00    0.00    1.14    0.00    0.00    3.41    0.00    0.00    0.00   95.45
11:59:28       3    0.00    0.00    0.00    0.00    0.00    3.45    0.00    0.00    0.00   96.55

11:59:28     CPU    %usr   %nice    %sys %iowait    %irq   %soft  %steal  %guest  %gnice   %idle
11:59:29     all    0.00    0.00    0.28    0.00    0.00   30.03    0.00    0.00    0.00   69.70
11:59:29       0    0.00    0.00    0.00    0.00    0.00  100.00    0.00    0.00    0.00    0.00
11:59:29       1    0.00    0.00    1.11    0.00    0.00    4.44    0.00    0.00    0.00   94.44
11:59:29       2    0.00    0.00    0.00    0.00    0.00    3.49    0.00    0.00    0.00   96.51
11:59:29       3    0.00    0.00    0.00    0.00    0.00    2.30    0.00    0.00    0.00   97.70

11:59:29     CPU    %usr   %nice    %sys %iowait    %irq   %soft  %steal  %guest  %gnice   %idle
11:59:30     all    0.00    0.00    0.55    0.00    0.00   30.05    0.00    0.00    0.00   69.40
11:59:30       0    0.00    0.00    0.00    0.00    0.00  100.00    0.00    0.00    0.00    0.00
11:59:30       1    0.00    0.00    1.12    0.00    0.00    3.37    0.00    0.00    0.00   95.51
11:59:30       2    0.00    0.00    1.14    0.00    0.00    2.27    0.00    0.00    0.00   96.59
11:59:30       3    0.00    0.00    0.00    0.00    0.00    5.62    0.00    0.00    0.00   94.38

11:59:30     CPU    %usr   %nice    %sys %iowait    %irq   %soft  %steal  %guest  %gnice   %idle
11:59:31     all    0.00    0.00    0.00    0.00    0.00   31.06    0.00    0.00    0.00   68.94
11:59:31       0    0.00    0.00    0.00    0.00    0.00  100.00    0.00    0.00    0.00    0.00
11:59:31       1    0.00    0.00    0.00    0.00    0.00    4.49    0.00    0.00    0.00   95.51
11:59:31       2    0.00    0.00    0.00    0.00    0.00    5.68    0.00    0.00    0.00   94.32
11:59:31       3    0.00    0.00    0.00    0.00    0.00    5.56    0.00    0.00    0.00   94.44

11:59:31     CPU    %usr   %nice    %sys %iowait    %irq   %soft  %steal  %guest  %gnice   %idle
11:59:32     all    0.00    0.00    0.55    0.00    0.00   29.67    0.00    0.00    0.00   69.78
11:59:32       0    0.00    0.00    0.00    0.00    0.00  100.00    0.00    0.00    0.00    0.00
11:59:32       1    0.00    0.00    1.12    0.00    0.00    3.37    0.00    0.00    0.00   95.51
11:59:32       2    0.00    0.00    1.14    0.00    0.00    3.41    0.00    0.00    0.00   95.45
11:59:32       3    0.00    0.00    0.00    0.00    0.00    2.30    0.00    0.00    0.00   97.70

11:59:32     CPU    %usr   %nice    %sys %iowait    %irq   %soft  %steal  %guest  %gnice   %idle
11:59:33     all    0.00    0.00    0.28    0.00    0.00   30.03    0.00    0.00    0.00   69.70
11:59:33       0    0.00    0.00    0.00    0.00    0.00  100.00    0.00    0.00    0.00    0.00
11:59:33       1    0.00    0.00    0.00    0.00    0.00    1.16    0.00    0.00    0.00   98.84
11:59:33       2    0.00    0.00    1.12    0.00    0.00    5.62    0.00    0.00    0.00   93.26
11:59:33       3    0.00    0.00    0.00    0.00    0.00    3.41    0.00    0.00    0.00   96.59

11:59:33     CPU    %usr   %nice    %sys %iowait    %irq   %soft  %steal  %guest  %gnice   %idle
11:59:34     all    0.00    0.00    0.54    0.27    0.00   30.25    0.00    0.00    0.00   68.94
11:59:34       0    0.00    0.00    0.00    0.00    0.00  100.00    0.00    0.00    0.00    0.00
11:59:34       1    0.00    0.00    0.00    1.11    0.00    5.56    0.00    0.00    0.00   93.33
11:59:34       2    0.00    0.00    1.14    0.00    0.00    3.41    0.00    0.00    0.00   95.45
11:59:34       3    0.00    0.00    1.12    0.00    0.00    3.37    0.00    0.00    0.00   95.51

11:59:34     CPU    %usr   %nice    %sys %iowait    %irq   %soft  %steal  %guest  %gnice   %idle
11:59:35     all    0.00    0.00    0.54    0.00    0.00   30.52    0.00    0.00    0.00   68.94
11:59:35       0    0.00    0.00    0.00    0.00    0.00  100.00    0.00    0.00    0.00    0.00
11:59:35       1    0.00    0.00    0.00    0.00    0.00    3.41    0.00    0.00    0.00   96.59
11:59:35       2    0.00    0.00    2.20    0.00    0.00    6.59    0.00    0.00    0.00   91.21
11:59:35       3    0.00    0.00    0.00    0.00    0.00    3.41    0.00    0.00    0.00   96.59

11:59:35     CPU    %usr   %nice    %sys %iowait    %irq   %soft  %steal  %guest  %gnice   %idle
11:59:36     all    0.27    0.00    0.82    0.00    0.00   29.51    0.00    0.00    0.00   69.40
11:59:36       0    0.00    0.00    0.00    0.00    0.00  100.00    0.00    0.00    0.00    0.00
11:59:36       1    0.00    0.00    1.14    0.00    0.00    2.27    0.00    0.00    0.00   96.59
11:59:36       2    1.11    0.00    1.11    0.00    0.00    4.44    0.00    0.00    0.00   93.33
11:59:36       3    0.00    0.00    1.14    0.00    0.00    2.27    0.00    0.00    0.00   96.59

Average:     CPU    %usr   %nice    %sys %iowait    %irq   %soft  %steal  %guest  %gnice   %idle
Average:     all    0.04    0.00    0.42    0.03    0.00   28.59    0.00    0.00    0.00   70.92
Average:       0    0.00    0.00    0.00    0.00    0.00   96.15    0.00    0.00    0.00    3.85
Average:       1    0.06    0.00    0.50    0.11    0.00    3.40    0.00    0.00    0.00   95.93
Average:       2    0.11    0.00    0.73    0.00    0.00    3.61    0.00    0.00    0.00   95.55
Average:       3    0.00    0.00    0.51    0.00    0.00    2.93    0.00    0.00    0.00   96.57
