Linux 6.12.47+rpt-rpi-v8 (host1) 	15/12/25 	_aarch64_	(4 CPU)

18:26:18     CPU    %usr   %nice    %sys %iowait    %irq   %soft  %steal  %guest  %gnice   %idle
18:26:19     all    0.00    0.00    0.76    0.25    0.00    0.51    0.00    0.00    0.00   98.48
18:26:19       0    0.00    0.00    0.00    0.00    0.00    0.00    0.00    0.00    0.00  100.00
18:26:19       1    0.00    0.00    1.01    0.00    0.00    0.00    0.00    0.00    0.00   98.99
18:26:19       2    0.00    0.00    1.00    1.00    0.00    1.00    0.00    0.00    0.00   97.00
18:26:19       3    0.00    0.00    1.00    0.00    0.00    1.00    0.00    0.00    0.00   98.00

18:26:19     CPU    %usr   %nice    %sys %iowait    %irq   %soft  %steal  %guest  %gnice   %idle
18:26:20     all    0.25    0.00    0.76    0.00    0.00    0.50    0.00    0.00    0.00   98.49
18:26:20       0    1.00    0.00    1.00    0.00    0.00    1.00    0.00    0.00    0.00   97.00
18:26:20       1    0.00    0.00    1.00    0.00    0.00    1.00    0.00    0.00    0.00   98.00
18:26:20       2    0.00    0.00    0.00    0.00    0.00    0.00    0.00    0.00    0.00  100.00
18:26:20       3    0.00    0.00    1.01    0.00    0.00    0.00    0.00    0.00    0.00   98.99

18:26:20     CPU    %usr   %nice    %sys %iowait    %irq   %soft  %steal  %guest  %gnice   %idle
18:26:21     all    3.83    0.00    3.83    0.00    0.00    0.26    0.00    0.00    0.00   92.09
18:26:21       0    3.12    0.00    2.08    0.00    0.00    0.00    0.00    0.00    0.00   94.79
18:26:21       1    7.14    0.00    4.08    0.00    0.00    0.00    0.00    0.00    0.00   88.78
18:26:21       2    2.02    0.00    4.04    0.00    0.00    0.00    0.00    0.00    0.00   93.94
18:26:21       3    3.03    0.00    5.05    0.00    0.00    1.01    0.00    0.00    0.00   90.91

18:26:21     CPU    %usr   %nice    %sys %iowait    %irq   %soft  %steal  %guest  %gnice   %idle
18:26:22     all    0.51    0.00    0.00    0.00    0.00    0.25    0.00    0.00    0.00   99.24
18:26:22       0    0.00    0.00    0.00    0.00    0.00    1.00    0.00    0.00    0.00   99.00
18:26:22       1    1.01    0.00    0.00    0.00    0.00    0.00    0.00    0.00    0.00   98.99
18:26:22       2    0.00    0.00    0.00    0.00    0.00    0.00    0.00    0.00    0.00  100.00
18:26:22       3    1.01    0.00    0.00    0.00    0.00    0.00    0.00    0.00    0.00   98.99

18:26:22     CPU    %usr   %nice    %sys %iowait    %irq   %soft  %steal  %guest  %gnice   %idle
18:26:23     all    0.00    0.00    0.51    0.00    0.00    0.00    0.00    0.00    0.00   99.49
18:26:23       0    0.00    0.00    1.01    0.00    0.00    0.00    0.00    0.00    0.00   98.99
18:26:23       1    0.00    0.00    0.00    0.00    0.00    0.00    0.00    0.00    0.00  100.00
18:26:23       2    0.00    0.00    0.00    0.00    0.00    0.00    0.00    0.00    0.00  100.00
18:26:23       3    0.00    0.00    1.01    0.00    0.00    0.00    0.00    0.00    0.00   98.99

18:26:23     CPU    %usr   %nice    %sys %iowait    %irq   %soft  %steal  %guest  %gnice   %idle
18:26:24     all    0.51    0.00    0.25    0.00    0.00    0.25    0.00    0.00    0.00   98.99
18:26:24       0    0.00    0.00    0.00    0.00    0.00    1.01    0.00    0.00    0.00   98.99
18:26:24       1    0.00    0.00    0.00    0.00    0.00    0.00    0.00    0.00    0.00  100.00
18:26:24       2    1.00    0.00    1.00    0.00    0.00    0.00    0.00    0.00    0.00   98.00
18:26:24       3    1.01    0.00    0.00    0.00    0.00    0.00    0.00    0.00    0.00   98.99

18:26:24     CPU    %usr   %nice    %sys %iowait    %irq   %soft  %steal  %guest  %gnice   %idle
18:26:25     all    0.25    0.00    0.25    0.00    0.00    0.25    0.00    0.00    0.00   99.24
18:26:25       0    1.01    0.00    0.00    0.00    0.00    0.00    0.00    0.00    0.00   98.99
18:26:25       1    0.00    0.00    0.00    0.00    0.00    1.01    0.00    0.00    0.00   98.99
18:26:25       2    0.00    0.00    0.00    0.00    0.00    0.00    0.00    0.00    0.00  100.00
18:26:25       3    0.00    0.00    1.00    0.00    0.00    0.00    0.00    0.00    0.00   99.00

18:26:25     CPU    %usr   %nice    %sys %iowait    %irq   %soft  %steal  %guest  %gnice   %idle
18:26:26     all    3.32    0.00    3.58    0.00    0.00    0.26    0.00    0.00    0.00   92.84
18:26:26       0    2.06    0.00    3.09    0.00    0.00    0.00    0.00    0.00    0.00   94.85
18:26:26       1    1.02    0.00    2.04    0.00    0.00    0.00    0.00    0.00    0.00   96.94
18:26:26       2    8.16    0.00    6.12    0.00    0.00    0.00    0.00    0.00    0.00   85.71
18:26:26       3    2.04    0.00    3.06    0.00    0.00    1.02    0.00    0.00    0.00   93.88

18:26:26     CPU    %usr   %nice    %sys %iowait    %irq   %soft  %steal  %guest  %gnice   %idle
18:26:27     all    0.25    0.00    0.50    0.00    0.00    0.50    0.00    0.00    0.00   98.74
18:26:27       0    1.00    0.00    0.00    0.00    0.00    1.00    0.00    0.00    0.00   98.00
18:26:27       1    0.00    0.00    1.01    0.00    0.00    0.00    0.00    0.00    0.00   98.99
18:26:27       2    0.00    0.00    1.00    0.00    0.00    0.00    0.00    0.00    0.00   99.00
18:26:27       3    0.00    0.00    0.00    0.00    0.00    1.01    0.00    0.00    0.00   98.99

18:26:27     CPU    %usr   %nice    %sys %iowait    %irq   %soft  %steal  %guest  %gnice   %idle
18:26:28     all    0.50    0.00    0.25    0.00    0.00    0.25    0.00    0.00    0.00   98.99
18:26:28       0    0.00    0.00    0.00    0.00    0.00    0.00    0.00    0.00    0.00  100.00
18:26:28       1    0.00    0.00    0.00    0.00    0.00    0.00    0.00    0.00    0.00  100.00
18:26:28       2    1.01    0.00    0.00    0.00    0.00    1.01    0.00    0.00    0.00   97.98
18:26:28       3    1.00    0.00    1.00    0.00    0.00    0.00    0.00    0.00    0.00   98.00

18:26:28     CPU    %usr   %nice    %sys %iowait    %irq   %soft  %steal  %guest  %gnice   %idle
18:26:29     all    0.25    0.00    0.00    0.00    0.00    0.00    0.00    0.00    0.00   99.75
18:26:29       0    0.00    0.00    0.00    0.00    0.00    0.00    0.00    0.00    0.00  100.00
18:26:29       1    0.00    0.00    0.00    0.00    0.00    0.00    0.00    0.00    0.00  100.00
18:26:29       2    0.00    0.00    0.00    0.00    0.00    0.00    0.00    0.00    0.00  100.00
18:26:29       3    1.01    0.00    0.00    0.00    0.00    0.00    0.00    0.00    0.00   98.99

18:26:29     CPU    %usr   %nice    %sys %iowait    %irq   %soft  %steal  %guest  %gnice   %idle
18:26:30     all    0.25    0.00    0.76    0.00    0.00    0.25    0.00    0.00    0.00   98.73
18:26:30       0    0.00    0.00    1.01    0.00    0.00    0.00    0.00    0.00    0.00   98.99
18:26:30       1    1.00    0.00    1.00    0.00    0.00    0.00    0.00    0.00    0.00   98.00
18:26:30       2    0.00    0.00    1.01    0.00    0.00    1.01    0.00    0.00    0.00   97.98
18:26:30       3    0.00    0.00    0.00    0.00    0.00    0.00    0.00    0.00    0.00  100.00

18:26:30     CPU    %usr   %nice    %sys %iowait    %irq   %soft  %steal  %guest  %gnice   %idle
18:26:31     all    4.30    0.00    3.80    0.00    0.00    0.25    0.00    0.00    0.00   91.65
18:26:31       0    4.08    0.00    2.04    0.00    0.00    0.00    0.00    0.00    0.00   93.88
18:26:31       1    8.16    0.00    4.08    0.00    0.00    0.00    0.00    0.00    0.00   87.76
18:26:31       2    3.06    0.00    3.06    0.00    0.00    0.00    0.00    0.00    0.00   93.88
18:26:31       3    1.98    0.00    5.94    0.00    0.00    0.99    0.00    0.00    0.00   91.09

18:26:31     CPU    %usr   %nice    %sys %iowait    %irq   %soft  %steal  %guest  %gnice   %idle
18:26:32     all    0.00    0.00    0.25    0.00    0.00    0.25    0.00    0.00    0.00   99.49
18:26:32       0    0.00    0.00    0.00    0.00    0.00    0.00    0.00    0.00    0.00  100.00
18:26:32       1    0.00    0.00    1.01    0.00    0.00    0.00    0.00    0.00    0.00   98.99
18:26:32       2    0.00    0.00    0.00    0.00    0.00    0.00    0.00    0.00    0.00  100.00
18:26:32       3    0.00    0.00    0.00    0.00    0.00    1.01    0.00    0.00    0.00   98.99

18:26:32     CPU    %usr   %nice    %sys %iowait    %irq   %soft  %steal  %guest  %gnice   %idle
18:26:33     all    0.25    0.00    0.25    0.00    0.00    0.25    0.00    0.00    0.00   99.24
18:26:33       0    0.00    0.00    1.01    0.00    0.00    0.00    0.00    0.00    0.00   98.99
18:26:33       1    0.00    0.00    0.00    0.00    0.00    0.00    0.00    0.00    0.00  100.00
18:26:33       2    1.00    0.00    0.00    0.00    0.00    1.00    0.00    0.00    0.00   98.00
18:26:33       3    0.00    0.00    0.00    0.00    0.00    0.00    0.00    0.00    0.00  100.00

18:26:33     CPU    %usr   %nice    %sys %iowait    %irq   %soft  %steal  %guest  %gnice   %idle
18:26:34     all    0.50    0.00    0.50    0.76    0.00    0.00    0.00    0.00    0.00   98.24
18:26:34       0    1.01    0.00    0.00    0.00    0.00    0.00    0.00    0.00    0.00   98.99
18:26:34       1    0.00    0.00    1.00    1.00    0.00    0.00    0.00    0.00    0.00   98.00
18:26:34       2    0.00    0.00    0.00    1.02    0.00    0.00    0.00    0.00    0.00   98.98
18:26:34       3    1.00    0.00    1.00    1.00    0.00    0.00    0.00    0.00    0.00   97.00

18:26:34     CPU    %usr   %nice    %sys %iowait    %irq   %soft  %steal  %guest  %gnice   %idle
18:26:35     all    0.25    0.00    0.00    0.00    0.00    0.51    0.00    0.00    0.00   99.24
18:26:35       0    0.00    0.00    0.00    0.00    0.00    1.01    0.00    0.00    0.00   98.99
18:26:35       1    0.00    0.00    0.00    0.00    0.00    1.01    0.00    0.00    0.00   98.99
18:26:35       2    0.00    0.00    0.00    0.00    0.00    0.00    0.00    0.00    0.00  100.00
18:26:35       3    1.01    0.00    0.00    0.00    0.00    0.00    0.00    0.00    0.00   98.99

18:26:35     CPU    %usr   %nice    %sys %iowait    %irq   %soft  %steal  %guest  %gnice   %idle
18:26:36     all    0.51    0.00    2.53    0.00    0.00    0.51    0.00    0.00    0.00   96.46
18:26:36       0    0.00    0.00    2.04    0.00    0.00    0.00    0.00    0.00    0.00   97.96
18:26:36       1    1.01    0.00    2.02    0.00    0.00    1.01    0.00    0.00    0.00   95.96
18:26:36       2    1.00    0.00    2.00    0.00    0.00    1.00    0.00    0.00    0.00   96.00
18:26:36       3    0.00    0.00    4.04    0.00    0.00    0.00    0.00    0.00    0.00   95.96

18:26:36     CPU    %usr   %nice    %sys %iowait    %irq   %soft  %steal  %guest  %gnice   %idle
18:26:37     all    3.05    0.00    2.29    0.00    0.00    0.00    0.00    0.00    0.00   94.66
18:26:37       0    1.02    0.00    1.02    0.00    0.00    0.00    0.00    0.00    0.00   97.96
18:26:37       1    6.12    0.00    2.04    0.00    0.00    0.00    0.00    0.00    0.00   91.84
18:26:37       2    0.00    0.00    1.02    0.00    0.00    0.00    0.00    0.00    0.00   98.98
18:26:37       3    5.05    0.00    5.05    0.00    0.00    0.00    0.00    0.00    0.00   89.90

18:26:37     CPU    %usr   %nice    %sys %iowait    %irq   %soft  %steal  %guest  %gnice   %idle
18:26:38     all    0.25    0.00    0.76    0.00    0.00    0.00    0.00    0.00    0.00   98.99
18:26:38       0    0.00    0.00    1.01    0.00    0.00    0.00    0.00    0.00    0.00   98.99
18:26:38       1    0.00    0.00    1.01    0.00    0.00    0.00    0.00    0.00    0.00   98.99
18:26:38       2    0.00    0.00    1.01    0.00    0.00    0.00    0.00    0.00    0.00   98.99
18:26:38       3    1.02    0.00    0.00    0.00    0.00    0.00    0.00    0.00    0.00   98.98

18:26:38     CPU    %usr   %nice    %sys %iowait    %irq   %soft  %steal  %guest  %gnice   %idle
18:26:39     all    0.25    0.00    0.51    0.00    0.00    0.25    0.00    0.00    0.00   98.98
18:26:39       0    1.01    0.00    0.00    0.00    0.00    1.01    0.00    0.00    0.00   97.98
18:26:39       1    0.00    0.00    1.02    0.00    0.00    0.00    0.00    0.00    0.00   98.98
18:26:39       2    0.00    0.00    1.02    0.00    0.00    0.00    0.00    0.00    0.00   98.98
18:26:39       3    0.00    0.00    0.00    0.00    0.00    0.00    0.00    0.00    0.00  100.00

18:26:39     CPU    %usr   %nice    %sys %iowait    %irq   %soft  %steal  %guest  %gnice   %idle
18:26:40     all    0.25    0.00    0.00    0.00    0.00    0.51    0.00    0.00    0.00   99.24
18:26:40       0    0.00    0.00    0.00    0.00    0.00    0.00    0.00    0.00    0.00  100.00
18:26:40       1    0.00    0.00    0.00    0.00    0.00    1.01    0.00    0.00    0.00   98.99
18:26:40       2    0.00    0.00    0.00    0.00    0.00    1.01    0.00    0.00    0.00   98.99
18:26:40       3    1.01    0.00    0.00    0.00    0.00    0.00    0.00    0.00    0.00   98.99

18:26:40     CPU    %usr   %nice    %sys %iowait    %irq   %soft  %steal  %guest  %gnice   %idle
18:26:41     all    0.76    0.00    0.00    0.00    0.00    0.25    0.00    0.00    0.00   98.99
18:26:41       0    0.00    0.00    0.00    0.00    0.00    1.01    0.00    0.00    0.00   98.99
18:26:41       1    1.01    0.00    0.00    0.00    0.00    0.00    0.00    0.00    0.00   98.99
18:26:41       2    1.01    0.00    0.00    0.00    0.00    0.00    0.00    0.00    0.00   98.99
18:26:41       3    1.02    0.00    0.00    0.00    0.00    0.00    0.00    0.00    0.00   98.98

18:26:41     CPU    %usr   %nice    %sys %iowait    %irq   %soft  %steal  %guest  %gnice   %idle
18:26:42     all    4.30    0.00    4.56    0.00    0.00    0.00    0.00    0.00    0.00   91.14
18:26:42       0    2.02    0.00    2.02    0.00    0.00    0.00    0.00    0.00    0.00   95.96
18:26:42       1   10.00    0.00    8.00    0.00    0.00    0.00    0.00    0.00    0.00   82.00
18:26:42       2    5.10    0.00    4.08    0.00    0.00    0.00    0.00    0.00    0.00   90.82
18:26:42       3    0.00    0.00    4.08    0.00    0.00    0.00    0.00    0.00    0.00   95.92

18:26:42     CPU    %usr   %nice    %sys %iowait    %irq   %soft  %steal  %guest  %gnice   %idle
18:26:43     all    0.00    0.00    0.25    0.00    0.00    0.25    0.00    0.00    0.00   99.49
18:26:43       0    0.00    0.00    1.01    0.00    0.00    0.00    0.00    0.00    0.00   98.99
18:26:43       1    0.00    0.00    0.00    0.00    0.00    0.00    0.00    0.00    0.00  100.00
18:26:43       2    0.00    0.00    0.00    0.00    0.00    0.00    0.00    0.00    0.00  100.00
18:26:43       3    0.00    0.00    0.00    0.00    0.00    1.01    0.00    0.00    0.00   98.99

18:26:43     CPU    %usr   %nice    %sys %iowait    %irq   %soft  %steal  %guest  %gnice   %idle
18:26:44     all    0.00    0.00    0.51    0.00    0.00    0.76    0.00    0.00    0.00   98.73
18:26:44       0    0.00    0.00    1.01    0.00    0.00    0.00    0.00    0.00    0.00   98.99
18:26:44       1    0.00    0.00    1.00    0.00    0.00    1.00    0.00    0.00    0.00   98.00
18:26:44       2    0.00    0.00    0.00    0.00    0.00    1.02    0.00    0.00    0.00   98.98
18:26:44       3    0.00    0.00    0.00    0.00    0.00    1.02    0.00    0.00    0.00   98.98

18:26:44     CPU    %usr   %nice    %sys %iowait    %irq   %soft  %steal  %guest  %gnice   %idle
18:26:45     all    0.00    0.00    0.00    0.00    0.00    0.26    0.00    0.00    0.00   99.74
18:26:45       0    0.00    0.00    0.00    0.00    0.00    1.02    0.00    0.00    0.00   98.98
18:26:45       1    0.00    0.00    0.00    0.00    0.00    0.00    0.00    0.00    0.00  100.00
18:26:45       2    0.00    0.00    0.00    0.00    0.00    0.00    0.00    0.00    0.00  100.00
18:26:45       3    0.00    0.00    0.00    0.00    0.00    0.00    0.00    0.00    0.00  100.00

18:26:45     CPU    %usr   %nice    %sys %iowait    %irq   %soft  %steal  %guest  %gnice   %idle
18:26:46     all    0.00    0.00    0.25    0.00    0.00    0.25    0.00    0.00    0.00   99.49
18:26:46       0    0.00    0.00    0.00    0.00    0.00    1.01    0.00    0.00    0.00   98.99
18:26:46       1    0.00    0.00    1.01    0.00    0.00    0.00    0.00    0.00    0.00   98.99
18:26:46       2    0.00    0.00    0.00    0.00    0.00    0.00    0.00    0.00    0.00  100.00
18:26:46       3    0.00    0.00    0.00    0.00    0.00    0.00    0.00    0.00    0.00  100.00

18:26:46     CPU    %usr   %nice    %sys %iowait    %irq   %soft  %steal  %guest  %gnice   %idle
18:26:47     all    4.81    0.00    3.80    0.00    0.00    0.25    0.00    0.00    0.00   91.14
18:26:47       0    1.01    0.00    2.02    0.00    0.00    1.01    0.00    0.00    0.00   95.96
18:26:47       1   10.10    0.00    5.05    0.00    0.00    0.00    0.00    0.00    0.00   84.85
18:26:47       2    5.10    0.00    4.08    0.00    0.00    0.00    0.00    0.00    0.00   90.82
18:26:47       3    3.03    0.00    4.04    0.00    0.00    0.00    0.00    0.00    0.00   92.93

18:26:47     CPU    %usr   %nice    %sys %iowait    %irq   %soft  %steal  %guest  %gnice   %idle
18:26:48     all    0.50    0.00    0.00    0.00    0.00    1.01    0.00    0.00    0.00   98.49
18:26:48       0    0.00    0.00    0.00    0.00    0.00    2.00    0.00    0.00    0.00   98.00
18:26:48       1    0.00    0.00    0.00    0.00    0.00    1.01    0.00    0.00    0.00   98.99
18:26:48       2    1.00    0.00    0.00    0.00    0.00    1.00    0.00    0.00    0.00   98.00
18:26:48       3    1.01    0.00    0.00    0.00    0.00    0.00    0.00    0.00    0.00   98.99

18:26:48     CPU    %usr   %nice    %sys %iowait    %irq   %soft  %steal  %guest  %gnice   %idle
18:26:49     all    0.00    0.00    0.76    0.00    0.00    0.00    0.00    0.00    0.00   99.24
18:26:49       0    0.00    0.00    0.00    0.00    0.00    0.00    0.00    0.00    0.00  100.00
18:26:49       1    0.00    0.00    1.01    0.00    0.00    0.00    0.00    0.00    0.00   98.99
18:26:49       2    0.00    0.00    1.01    0.00    0.00    0.00    0.00    0.00    0.00   98.99
18:26:49       3    0.00    0.00    1.02    0.00    0.00    0.00    0.00    0.00    0.00   98.98

18:26:49     CPU    %usr   %nice    %sys %iowait    %irq   %soft  %steal  %guest  %gnice   %idle
18:26:50     all    0.00    0.00    0.00    0.00    0.00    0.25    0.00    0.00    0.00   99.75
18:26:50       0    0.00    0.00    0.00    0.00    0.00    1.01    0.00    0.00    0.00   98.99
18:26:50       1    0.00    0.00    0.00    0.00    0.00    0.00    0.00    0.00    0.00  100.00
18:26:50       2    0.00    0.00    0.00    0.00    0.00    0.00    0.00    0.00    0.00  100.00
18:26:50       3    0.00    0.00    0.00    0.00    0.00    0.00    0.00    0.00    0.00  100.00

18:26:50     CPU    %usr   %nice    %sys %iowait    %irq   %soft  %steal  %guest  %gnice   %idle
18:26:51     all    0.25    0.00    0.51    0.00    0.00    0.25    0.00    0.00    0.00   98.99
18:26:51       0    1.01    0.00    0.00    0.00    0.00    0.00    0.00    0.00    0.00   98.99
18:26:51       1    0.00    0.00    0.00    0.00    0.00    1.02    0.00    0.00    0.00   98.98
18:26:51       2    0.00    0.00    1.01    0.00    0.00    0.00    0.00    0.00    0.00   98.99
18:26:51       3    0.00    0.00    1.01    0.00    0.00    0.00    0.00    0.00    0.00   98.99

18:26:51     CPU    %usr   %nice    %sys %iowait    %irq   %soft  %steal  %guest  %gnice   %idle
18:26:52     all    4.83    0.00    3.56    0.00    0.00    0.25    0.00    0.00    0.00   91.35
18:26:52       0    1.03    0.00    3.09    0.00    0.00    0.00    0.00    0.00    0.00   95.88
18:26:52       1    5.10    0.00    3.06    0.00    0.00    0.00    0.00    0.00    0.00   91.84
18:26:52       2    9.18    0.00    4.08    0.00    0.00    0.00    0.00    0.00    0.00   86.73
18:26:52       3    4.00    0.00    4.00    0.00    0.00    1.00    0.00    0.00    0.00   91.00

18:26:52     CPU    %usr   %nice    %sys %iowait    %irq   %soft  %steal  %guest  %gnice   %idle
18:26:53     all    0.25    0.00    0.25    0.00    0.00    0.51    0.00    0.00    0.00   98.99
18:26:53       0    0.00    0.00    1.01    0.00    0.00    0.00    0.00    0.00    0.00   98.99
18:26:53       1    1.00    0.00    0.00    0.00    0.00    1.00    0.00    0.00    0.00   98.00
18:26:53       2    0.00    0.00    0.00    0.00    0.00    0.00    0.00    0.00    0.00  100.00
18:26:53       3    0.00    0.00    0.00    0.00    0.00    1.02    0.00    0.00    0.00   98.98

18:26:53     CPU    %usr   %nice    %sys %iowait    %irq   %soft  %steal  %guest  %gnice   %idle
18:26:54     all    0.25    0.00    0.50    0.50    0.00    0.25    0.00    0.00    0.00   98.49
18:26:54       0    0.00    0.00    0.00    1.01    0.00    0.00    0.00    0.00    0.00   98.99
18:26:54       1    0.00    0.00    1.01    0.00    0.00    0.00    0.00    0.00    0.00   98.99
18:26:54       2    0.00    0.00    1.00    0.00    0.00    1.00    0.00    0.00    0.00   98.00
18:26:54       3    1.00    0.00    0.00    1.00    0.00    0.00    0.00    0.00    0.00   98.00

18:26:54     CPU    %usr   %nice    %sys %iowait    %irq   %soft  %steal  %guest  %gnice   %idle
18:26:55     all    0.25    0.00    0.00    0.00    0.00    0.00    0.00    0.00    0.00   99.75
18:26:55       0    0.00    0.00    0.00    0.00    0.00    0.00    0.00    0.00    0.00  100.00
18:26:55       1    0.00    0.00    0.00    0.00    0.00    0.00    0.00    0.00    0.00  100.00
18:26:55       2    0.00    0.00    0.00    0.00    0.00    0.00    0.00    0.00    0.00  100.00
18:26:55       3    1.01    0.00    0.00    0.00    0.00    0.00    0.00    0.00    0.00   98.99

18:26:55     CPU    %usr   %nice    %sys %iowait    %irq   %soft  %steal  %guest  %gnice   %idle
18:26:56     all    0.00    0.00    0.00    0.00    0.00    0.51    0.00    0.00    0.00   99.49
18:26:56       0    0.00    0.00    0.00    0.00    0.00    0.00    0.00    0.00    0.00  100.00
18:26:56       1    0.00    0.00    0.00    0.00    0.00    0.00    0.00    0.00    0.00  100.00
18:26:56       2    0.00    0.00    0.00    0.00    0.00    2.02    0.00    0.00    0.00   97.98
18:26:56       3    0.00    0.00    0.00    0.00    0.00    0.00    0.00    0.00    0.00  100.00

18:26:56     CPU    %usr   %nice    %sys %iowait    %irq   %soft  %steal  %guest  %gnice   %idle
18:26:57     all    4.33    0.00    3.05    0.00    0.00    0.00    0.00    0.00    0.00   92.62
18:26:57       0    1.03    0.00    1.03    0.00    0.00    0.00    0.00    0.00    0.00   97.94
18:26:57       1    6.12    0.00    3.06    0.00    0.00    0.00    0.00    0.00    0.00   90.82
18:26:57       2    5.05    0.00    4.04    0.00    0.00    0.00    0.00    0.00    0.00   90.91
18:26:57       3    5.05    0.00    4.04    0.00    0.00    0.00    0.00    0.00    0.00   90.91

18:26:57     CPU    %usr   %nice    %sys %iowait    %irq   %soft  %steal  %guest  %gnice   %idle
18:26:58     all    1.26    0.00    0.76    0.00    0.00    0.25    0.00    0.00    0.00   97.73
18:26:58       0    1.01    0.00    1.01    0.00    0.00    0.00    0.00    0.00    0.00   97.98
18:26:58       1    1.00    0.00    1.00    0.00    0.00    1.00    0.00    0.00    0.00   97.00
18:26:58       2    2.04    0.00    1.02    0.00    0.00    0.00    0.00    0.00    0.00   96.94
18:26:58       3    1.01    0.00    0.00    0.00    0.00    0.00    0.00    0.00    0.00   98.99

18:26:58     CPU    %usr   %nice    %sys %iowait    %irq   %soft  %steal  %guest  %gnice   %idle
18:26:59     all    0.51    0.00    0.25    0.00    0.00    0.00    0.00    0.00    0.00   99.24
18:26:59       0    0.00    0.00    0.00    0.00    0.00    0.00    0.00    0.00    0.00  100.00
18:26:59       1    0.00    0.00    0.00    0.00    0.00    0.00    0.00    0.00    0.00  100.00
18:26:59       2    1.01    0.00    0.00    0.00    0.00    0.00    0.00    0.00    0.00   98.99
18:26:59       3    1.01    0.00    1.01    0.00    0.00    0.00    0.00    0.00    0.00   97.98

18:26:59     CPU    %usr   %nice    %sys %iowait    %irq   %soft  %steal  %guest  %gnice   %idle
18:27:00     all    0.00    0.00    0.00    0.00    0.00    0.00    0.00    0.00    0.00  100.00
18:27:00       0    0.00    0.00    0.00    0.00    0.00    0.00    0.00    0.00    0.00  100.00
18:27:00       1    0.00    0.00    0.00    0.00    0.00    0.00    0.00    0.00    0.00  100.00
18:27:00       2    0.00    0.00    0.00    0.00    0.00    0.00    0.00    0.00    0.00  100.00
18:27:00       3    0.00    0.00    0.00    0.00    0.00    0.00    0.00    0.00    0.00  100.00

18:27:00     CPU    %usr   %nice    %sys %iowait    %irq   %soft  %steal  %guest  %gnice   %idle
18:27:01     all    0.25    0.00    0.51    0.00    0.00    0.25    0.00    0.00    0.00   98.99
18:27:01       0    0.00    0.00    1.01    0.00    0.00    0.00    0.00    0.00    0.00   98.99
18:27:01       1    0.00    0.00    0.00    0.00    0.00    0.00    0.00    0.00    0.00  100.00
18:27:01       2    0.00    0.00    0.00    0.00    0.00    1.01    0.00    0.00    0.00   98.99
18:27:01       3    1.00    0.00    1.00    0.00    0.00    0.00    0.00    0.00    0.00   98.00

18:27:01     CPU    %usr   %nice    %sys %iowait    %irq   %soft  %steal  %guest  %gnice   %idle
18:27:02     all    0.00    0.00    0.25    0.00    0.00    0.25    0.00    0.00    0.00   99.49
18:27:02       0    0.00    0.00    0.00    0.00    0.00    0.00    0.00    0.00    0.00  100.00
18:27:02       1    0.00    0.00    0.00    0.00    0.00    1.01    0.00    0.00    0.00   98.99
18:27:02       2    0.00    0.00    1.01    0.00    0.00    0.00    0.00    0.00    0.00   98.99
18:27:02       3    0.00    0.00    0.00    0.00    0.00    0.00    0.00    0.00    0.00  100.00

18:27:02     CPU    %usr   %nice    %sys %iowait    %irq   %soft  %steal  %guest  %gnice   %idle
18:27:03     all    4.56    0.00    4.30    0.00    0.00    0.51    0.00    0.00    0.00   90.63
18:27:03       0    1.01    0.00    4.04    0.00    0.00    0.00    0.00    0.00    0.00   94.95
18:27:03       1    4.08    0.00    5.10    0.00    0.00    0.00    0.00    0.00    0.00   90.82
18:27:03       2    8.08    0.00    5.05    0.00    0.00    1.01    0.00    0.00    0.00   85.86
18:27:03       3    5.05    0.00    3.03    0.00    0.00    1.01    0.00    0.00    0.00   90.91

18:27:03     CPU    %usr   %nice    %sys %iowait    %irq   %soft  %steal  %guest  %gnice   %idle
18:27:04     all    0.00    0.00    0.76    0.00    0.00    0.25    0.00    0.00    0.00   98.99
18:27:04       0    0.00    0.00    0.00    0.00    0.00    1.01    0.00    0.00    0.00   98.99
18:27:04       1    0.00    0.00    1.01    0.00    0.00    0.00    0.00    0.00    0.00   98.99
18:27:04       2    0.00    0.00    1.01    0.00    0.00    0.00    0.00    0.00    0.00   98.99
18:27:04       3    0.00    0.00    1.02    0.00    0.00    0.00    0.00    0.00    0.00   98.98

18:27:04     CPU    %usr   %nice    %sys %iowait    %irq   %soft  %steal  %guest  %gnice   %idle
18:27:05     all    0.25    0.00    0.50    0.00    0.00    0.50    0.00    0.00    0.00   98.74
18:27:05       0    0.00    0.00    1.01    0.00    0.00    0.00    0.00    0.00    0.00   98.99
18:27:05       1    0.00    0.00    0.00    0.00    0.00    1.01    0.00    0.00    0.00   98.99
18:27:05       2    0.00    0.00    0.00    0.00    0.00    0.00    0.00    0.00    0.00  100.00
18:27:05       3    0.99    0.00    0.99    0.00    0.00    0.99    0.00    0.00    0.00   97.03

18:27:05     CPU    %usr   %nice    %sys %iowait    %irq   %soft  %steal  %guest  %gnice   %idle
18:27:06     all    0.25    0.00    0.25    0.00    0.00    0.00    0.00    0.00    0.00   99.49
18:27:06       0    0.00    0.00    0.00    0.00    0.00    0.00    0.00    0.00    0.00  100.00
18:27:06       1    0.00    0.00    0.00    0.00    0.00    0.00    0.00    0.00    0.00  100.00
18:27:06       2    1.00    0.00    1.00    0.00    0.00    0.00    0.00    0.00    0.00   98.00
18:27:06       3    0.00    0.00    0.00    0.00    0.00    0.00    0.00    0.00    0.00  100.00

18:27:06     CPU    %usr   %nice    %sys %iowait    %irq   %soft  %steal  %guest  %gnice   %idle
18:27:07     all    0.51    0.00    0.51    0.00    0.00    0.25    0.00    0.00    0.00   98.74
18:27:07       0    1.00    0.00    1.00    0.00    0.00    0.00    0.00    0.00    0.00   98.00
18:27:07       1    1.01    0.00    0.00    0.00    0.00    0.00    0.00    0.00    0.00   98.99
18:27:07       2    0.00    0.00    0.00    0.00    0.00    0.00    0.00    0.00    0.00  100.00
18:27:07       3    0.00    0.00    1.01    0.00    0.00    1.01    0.00    0.00    0.00   97.98

18:27:07     CPU    %usr   %nice    %sys %iowait    %irq   %soft  %steal  %guest  %gnice   %idle
18:27:08     all    5.29    0.00    3.78    0.00    0.00    0.25    0.00    0.00    0.00   90.68
18:27:08       0    4.04    0.00    3.03    0.00    0.00    0.00    0.00    0.00    0.00   92.93
18:27:08       1    8.91    0.00    4.95    0.00    0.00    0.99    0.00    0.00    0.00   85.15
18:27:08       2    4.04    0.00    4.04    0.00    0.00    0.00    0.00    0.00    0.00   91.92
18:27:08       3    4.08    0.00    3.06    0.00    0.00    0.00    0.00    0.00    0.00   92.86

18:27:08     CPU    %usr   %nice    %sys %iowait    %irq   %soft  %steal  %guest  %gnice   %idle
18:27:09     all    0.51    0.00    0.00    0.00    0.00    0.25    0.00    0.00    0.00   99.24
18:27:09       0    0.00    0.00    0.00    0.00    0.00    0.00    0.00    0.00    0.00  100.00
18:27:09       1    0.00    0.00    0.00    0.00    0.00    1.01    0.00    0.00    0.00   98.99
18:27:09       2    1.01    0.00    0.00    0.00    0.00    0.00    0.00    0.00    0.00   98.99
18:27:09       3    1.01    0.00    0.00    0.00    0.00    0.00    0.00    0.00    0.00   98.99

18:27:09     CPU    %usr   %nice    %sys %iowait    %irq   %soft  %steal  %guest  %gnice   %idle
18:27:10     all    0.00    0.00    0.76    0.51    0.00    0.25    0.00    0.00    0.00   98.48
18:27:10       0    0.00    0.00    1.01    1.01    0.00    0.00    0.00    0.00    0.00   97.98
18:27:10       1    0.00    0.00    1.01    0.00    0.00    0.00    0.00    0.00    0.00   98.99
18:27:10       2    0.00    0.00    1.01    1.01    0.00    0.00    0.00    0.00    0.00   97.98
18:27:10       3    0.00    0.00    0.00    0.00    0.00    1.01    0.00    0.00    0.00   98.99

18:27:10     CPU    %usr   %nice    %sys %iowait    %irq   %soft  %steal  %guest  %gnice   %idle
18:27:11     all    0.00    0.00    0.51    0.00    0.00    0.00    0.00    0.00    0.00   99.49
18:27:11       0    0.00    0.00    1.01    0.00    0.00    0.00    0.00    0.00    0.00   98.99
18:27:11       1    0.00    0.00    0.00    0.00    0.00    0.00    0.00    0.00    0.00  100.00
18:27:11       2    0.00    0.00    1.01    0.00    0.00    0.00    0.00    0.00    0.00   98.99
18:27:11       3    0.00    0.00    0.00    0.00    0.00    0.00    0.00    0.00    0.00  100.00

18:27:11     CPU    %usr   %nice    %sys %iowait    %irq   %soft  %steal  %guest  %gnice   %idle
18:27:12     all    0.00    0.00    0.51    0.00    0.00    0.51    0.00    0.00    0.00   98.99
18:27:12       0    0.00    0.00    0.00    0.00    0.00    1.01    0.00    0.00    0.00   98.99
18:27:12       1    0.00    0.00    1.01    0.00    0.00    0.00    0.00    0.00    0.00   98.99
18:27:12       2    0.00    0.00    0.00    0.00    0.00    1.01    0.00    0.00    0.00   98.99
18:27:12       3    0.00    0.00    1.01    0.00    0.00    0.00    0.00    0.00    0.00   98.99

18:27:12     CPU    %usr   %nice    %sys %iowait    %irq   %soft  %steal  %guest  %gnice   %idle
18:27:13     all    5.06    0.00    3.80    0.00    0.00    0.25    0.00    0.00    0.00   90.89
18:27:13       0    2.04    0.00    4.08    0.00    0.00    0.00    0.00    0.00    0.00   93.88
18:27:13       1    1.01    0.00    3.03    0.00    0.00    0.00    0.00    0.00    0.00   95.96
18:27:13       2    8.08    0.00    3.03    0.00    0.00    1.01    0.00    0.00    0.00   87.88
18:27:13       3    9.09    0.00    5.05    0.00    0.00    0.00    0.00    0.00    0.00   85.86

18:27:13     CPU    %usr   %nice    %sys %iowait    %irq   %soft  %steal  %guest  %gnice   %idle
18:27:14     all    0.00    0.00    0.51    0.00    0.00    0.25    0.00    0.00    0.00   99.24
18:27:14       0    0.00    0.00    1.01    0.00    0.00    0.00    0.00    0.00    0.00   98.99
18:27:14       1    0.00    0.00    0.00    0.00    0.00    0.00    0.00    0.00    0.00  100.00
18:27:14       2    0.00    0.00    0.00    0.00    0.00    1.01    0.00    0.00    0.00   98.99
18:27:14       3    0.00    0.00    1.01    0.00    0.00    0.00    0.00    0.00    0.00   98.99

18:27:14     CPU    %usr   %nice    %sys %iowait    %irq   %soft  %steal  %guest  %gnice   %idle
18:27:15     all    0.25    0.00    0.25    0.00    0.00    0.51    0.00    0.00    0.00   98.99
18:27:15       0    1.00    0.00    1.00    0.00    0.00    0.00    0.00    0.00    0.00   98.00
18:27:15       1    0.00    0.00    0.00    0.00    0.00    1.01    0.00    0.00    0.00   98.99
18:27:15       2    0.00    0.00    0.00    0.00    0.00    0.00    0.00    0.00    0.00  100.00
18:27:15       3    0.00    0.00    0.00    0.00    0.00    1.01    0.00    0.00    0.00   98.99

18:27:15     CPU    %usr   %nice    %sys %iowait    %irq   %soft  %steal  %guest  %gnice   %idle
18:27:16     all    0.00    0.00    0.25    0.00    0.00    0.25    0.00    0.00    0.00   99.49
18:27:16       0    0.00    0.00    0.00    0.00    0.00    0.00    0.00    0.00    0.00  100.00
18:27:16       1    0.00    0.00    1.00    0.00    0.00    0.00    0.00    0.00    0.00   99.00
18:27:16       2    0.00    0.00    0.00    0.00    0.00    1.02    0.00    0.00    0.00   98.98
18:27:16       3    0.00    0.00    0.00    0.00    0.00    0.00    0.00    0.00    0.00  100.00

18:27:16     CPU    %usr   %nice    %sys %iowait    %irq   %soft  %steal  %guest  %gnice   %idle
18:27:17     all    0.00    0.00    0.25    0.00    0.00    0.25    0.00    0.00    0.00   99.49
18:27:17       0    0.00    0.00    0.00    0.00    0.00    0.00    0.00    0.00    0.00  100.00
18:27:17       1    0.00    0.00    0.00    0.00    0.00    0.00    0.00    0.00    0.00  100.00
18:27:17       2    0.00    0.00    1.00    0.00    0.00    1.00    0.00    0.00    0.00   98.00
18:27:17       3    0.00    0.00    0.00    0.00    0.00    0.00    0.00    0.00    0.00  100.00

18:27:17     CPU    %usr   %nice    %sys %iowait    %irq   %soft  %steal  %guest  %gnice   %idle
18:27:18     all    5.06    0.00    4.30    0.00    0.00    0.25    0.00    0.00    0.00   90.38
18:27:18       0    1.02    0.00    3.06    0.00    0.00    0.00    0.00    0.00    0.00   95.92
18:27:18       1    4.04    0.00    4.04    0.00    0.00    0.00    0.00    0.00    0.00   91.92
18:27:18       2   10.20    0.00    6.12    0.00    0.00    0.00    0.00    0.00    0.00   83.67
18:27:18       3    5.00    0.00    4.00    0.00    0.00    1.00    0.00    0.00    0.00   90.00

Average:     CPU    %usr   %nice    %sys %iowait    %irq   %soft  %steal  %guest  %gnice   %idle
Average:     all    1.06    0.00    1.05    0.03    0.00    0.27    0.00    0.00    0.00   97.58
Average:       0    0.54    0.00    0.81    0.03    0.00    0.25    0.00    0.00    0.00   98.36
Average:       1    1.32    0.00    1.13    0.02    0.00    0.25    0.00    0.00    0.00   97.28
Average:       2    1.32    0.00    1.11    0.05    0.00    0.30    0.00    0.00    0.00   97.22
Average:       3    1.08    0.00    1.16    0.03    0.00    0.27    0.00    0.00    0.00   97.45
