Linux 6.12.47+rpt-rpi-v8 (host1) 	09/12/25 	_aarch64_	(4 CPU)

16:23:27     CPU    %usr   %nice    %sys %iowait    %irq   %soft  %steal  %guest  %gnice   %idle
16:23:28     all    0.00    0.00    1.07    0.00    0.00   30.03    0.00    0.00    0.00   68.90
16:23:28       0    0.00    0.00    0.00    0.00    0.00  100.00    0.00    0.00    0.00    0.00
16:23:28       1    0.00    0.00    1.10    0.00    0.00    4.40    0.00    0.00    0.00   94.51
16:23:28       2    0.00    0.00    2.15    0.00    0.00    4.30    0.00    0.00    0.00   93.55
16:23:28       3    0.00    0.00    1.12    0.00    0.00    4.49    0.00    0.00    0.00   94.38

16:23:28     CPU    %usr   %nice    %sys %iowait    %irq   %soft  %steal  %guest  %gnice   %idle
16:23:29     all    0.00    0.00    0.27    0.00    0.00   31.08    0.00    0.00    0.00   68.65
16:23:29       0    0.00    0.00    0.00    0.00    0.00  100.00    0.00    0.00    0.00    0.00
16:23:29       1    0.00    0.00    0.00    0.00    0.00    5.49    0.00    0.00    0.00   94.51
16:23:29       2    0.00    0.00    0.00    0.00    0.00    4.44    0.00    0.00    0.00   95.56
16:23:29       3    0.00    0.00    1.12    0.00    0.00    6.74    0.00    0.00    0.00   92.13

16:23:29     CPU    %usr   %nice    %sys %iowait    %irq   %soft  %steal  %guest  %gnice   %idle
16:23:30     all    0.27    0.00    0.54    0.00    0.00   30.73    0.00    0.00    0.00   68.46
16:23:30       0    0.00    0.00    0.00    0.00    0.00  100.00    0.00    0.00    0.00    0.00
16:23:30       1    0.00    0.00    0.00    0.00    0.00    4.49    0.00    0.00    0.00   95.51
16:23:30       2    1.09    0.00    1.09    0.00    0.00    3.26    0.00    0.00    0.00   94.57
16:23:30       3    0.00    0.00    1.11    0.00    0.00    7.78    0.00    0.00    0.00   91.11

16:23:30     CPU    %usr   %nice    %sys %iowait    %irq   %soft  %steal  %guest  %gnice   %idle
16:23:31     all    0.00    0.00    0.00    0.00    0.00   31.45    0.00    0.00    0.00   68.55
16:23:31       0    0.00    0.00    0.00    0.00    0.00  100.00    0.00    0.00    0.00    0.00
16:23:31       1    0.00    0.00    0.00    0.00    0.00    4.44    0.00    0.00    0.00   95.56
16:23:31       2    0.00    0.00    0.00    0.00    0.00    5.49    0.00    0.00    0.00   94.51
16:23:31       3    0.00    0.00    0.00    0.00    0.00    8.79    0.00    0.00    0.00   91.21

16:23:31     CPU    %usr   %nice    %sys %iowait    %irq   %soft  %steal  %guest  %gnice   %idle
16:23:32     all    0.00    0.00    0.54    0.00    0.00   30.73    0.00    0.00    0.00   68.73
16:23:32       0    0.00    0.00    0.00    0.00    0.00  100.00    0.00    0.00    0.00    0.00
16:23:32       1    0.00    0.00    1.11    0.00    0.00    3.33    0.00    0.00    0.00   95.56
16:23:32       2    0.00    0.00    1.09    0.00    0.00    4.35    0.00    0.00    0.00   94.57
16:23:32       3    0.00    0.00    0.00    0.00    0.00    7.87    0.00    0.00    0.00   92.13

16:23:32     CPU    %usr   %nice    %sys %iowait    %irq   %soft  %steal  %guest  %gnice   %idle
16:23:33     all    0.27    0.00    0.27    0.27    0.00   30.81    0.00    0.00    0.00   68.38
16:23:33       0    0.00    0.00    0.00    0.00    0.00  100.00    0.00    0.00    0.00    0.00
16:23:33       1    0.00    0.00    0.00    0.00    0.00    3.37    0.00    0.00    0.00   96.63
16:23:33       2    1.09    0.00    0.00    0.00    0.00    5.43    0.00    0.00    0.00   93.48
16:23:33       3    0.00    0.00    1.12    1.12    0.00    6.74    0.00    0.00    0.00   91.01

16:23:33     CPU    %usr   %nice    %sys %iowait    %irq   %soft  %steal  %guest  %gnice   %idle
16:23:34     all    0.00    0.00    0.54    0.00    0.00   31.10    0.00    0.00    0.00   68.36
16:23:34       0    0.00    0.00    0.00    0.00    0.00  100.00    0.00    0.00    0.00    0.00
16:23:34       1    0.00    0.00    0.00    0.00    0.00    3.37    0.00    0.00    0.00   96.63
16:23:34       2    0.00    0.00    1.09    0.00    0.00    5.43    0.00    0.00    0.00   93.48
16:23:34       3    0.00    0.00    1.09    0.00    0.00    8.70    0.00    0.00    0.00   90.22

16:23:34     CPU    %usr   %nice    %sys %iowait    %irq   %soft  %steal  %guest  %gnice   %idle
16:23:35     all    0.00    0.00    0.26    0.00    0.00   18.06    0.00    0.00    0.00   81.68
16:23:35       0    0.00    0.00    0.00    0.00    0.00   61.00    0.00    0.00    0.00   39.00
16:23:35       1    0.00    0.00    1.03    0.00    0.00    4.12    0.00    0.00    0.00   94.85
16:23:35       2    0.00    0.00    0.00    0.00    0.00    2.13    0.00    0.00    0.00   97.87
16:23:35       3    0.00    0.00    0.00    0.00    0.00    2.20    0.00    0.00    0.00   97.80

16:23:35     CPU    %usr   %nice    %sys %iowait    %irq   %soft  %steal  %guest  %gnice   %idle
16:23:36     all    0.00    0.00    0.26    0.00    0.00   11.89    0.00    0.00    0.00   87.86
16:23:36       0    0.00    0.00    0.00    0.00    0.00    3.09    0.00    0.00    0.00   96.91
16:23:36       1    0.00    0.00    0.00    0.00    0.00    3.16    0.00    0.00    0.00   96.84
16:23:36       2    0.00    0.00    1.05    0.00    0.00    0.00    0.00    0.00    0.00   98.95
16:23:36       3    0.00    0.00    0.00    0.00    0.00   40.00    0.00    0.00    0.00   60.00

16:23:36     CPU    %usr   %nice    %sys %iowait    %irq   %soft  %steal  %guest  %gnice   %idle
16:23:37     all    0.00    0.00    0.54    0.00    0.00   30.35    0.00    0.00    0.00   69.11
16:23:37       0    0.00    0.00    0.00    0.00    0.00    4.55    0.00    0.00    0.00   95.45
16:23:37       1    0.00    0.00    2.20    0.00    0.00    4.40    0.00    0.00    0.00   93.41
16:23:37       2    0.00    0.00    0.00    0.00    0.00    4.44    0.00    0.00    0.00   95.56
16:23:37       3    0.00    0.00    0.00    0.00    0.00  100.00    0.00    0.00    0.00    0.00

16:23:37     CPU    %usr   %nice    %sys %iowait    %irq   %soft  %steal  %guest  %gnice   %idle
16:23:38     all    0.00    0.00    0.00    0.00    0.00   31.27    0.00    0.00    0.00   68.73
16:23:38       0    0.00    0.00    0.00    0.00    0.00    8.70    0.00    0.00    0.00   91.30
16:23:38       1    0.00    0.00    0.00    0.00    0.00    6.59    0.00    0.00    0.00   93.41
16:23:38       2    0.00    0.00    0.00    0.00    0.00    2.27    0.00    0.00    0.00   97.73
16:23:38       3    0.00    0.00    0.00    0.00    0.00  100.00    0.00    0.00    0.00    0.00

16:23:38     CPU    %usr   %nice    %sys %iowait    %irq   %soft  %steal  %guest  %gnice   %idle
16:23:39     all    0.00    0.00    0.54    0.54    0.00   30.08    0.00    0.00    0.00   68.83
16:23:39       0    0.00    0.00    0.00    0.00    0.00    2.27    0.00    0.00    0.00   97.73
16:23:39       1    0.00    0.00    0.00    0.00    0.00    4.40    0.00    0.00    0.00   95.60
16:23:39       2    0.00    0.00    1.12    2.25    0.00    5.62    0.00    0.00    0.00   91.01
16:23:39       3    0.00    0.00    0.99    0.00    0.00   99.01    0.00    0.00    0.00    0.00

16:23:39     CPU    %usr   %nice    %sys %iowait    %irq   %soft  %steal  %guest  %gnice   %idle
16:23:40     all    0.00    0.00    0.54    0.00    0.00   30.43    0.00    0.00    0.00   69.02
16:23:40       0    0.00    0.00    0.00    0.00    0.00    2.27    0.00    0.00    0.00   97.73
16:23:40       1    0.00    0.00    1.10    0.00    0.00    4.40    0.00    0.00    0.00   94.51
16:23:40       2    0.00    0.00    1.12    0.00    0.00    6.74    0.00    0.00    0.00   92.13
16:23:40       3    0.00    0.00    0.00    0.00    0.00  100.00    0.00    0.00    0.00    0.00

16:23:40     CPU    %usr   %nice    %sys %iowait    %irq   %soft  %steal  %guest  %gnice   %idle
16:23:41     all    0.00    0.00    0.27    0.00    0.00   31.47    0.00    0.00    0.00   68.27
16:23:41       0    0.00    0.00    0.00    0.00    0.00    5.49    0.00    0.00    0.00   94.51
16:23:41       1    0.00    0.00    0.00    0.00    0.00    4.35    0.00    0.00    0.00   95.65
16:23:41       2    0.00    0.00    1.09    0.00    0.00    9.78    0.00    0.00    0.00   89.13
16:23:41       3    0.00    0.00    0.00    0.00    0.00  100.00    0.00    0.00    0.00    0.00

16:23:41     CPU    %usr   %nice    %sys %iowait    %irq   %soft  %steal  %guest  %gnice   %idle
16:23:42     all    0.00    0.00    0.27    0.00    0.00   31.08    0.00    0.00    0.00   68.65
16:23:42       0    0.00    0.00    0.00    0.00    0.00    3.33    0.00    0.00    0.00   96.67
16:23:42       1    0.00    0.00    0.00    0.00    0.00    4.44    0.00    0.00    0.00   95.56
16:23:42       2    0.00    0.00    1.11    0.00    0.00    8.89    0.00    0.00    0.00   90.00
16:23:42       3    0.00    0.00    0.00    0.00    0.00  100.00    0.00    0.00    0.00    0.00

16:23:42     CPU    %usr   %nice    %sys %iowait    %irq   %soft  %steal  %guest  %gnice   %idle
16:23:43     all    0.00    0.00    0.00    0.00    0.00   31.17    0.00    0.00    0.00   68.83
16:23:43       0    0.00    0.00    0.00    0.00    0.00    5.49    0.00    0.00    0.00   94.51
16:23:43       1    0.00    0.00    0.00    0.00    0.00    4.40    0.00    0.00    0.00   95.60
16:23:43       2    0.00    0.00    0.00    0.00    0.00    6.90    0.00    0.00    0.00   93.10
16:23:43       3    0.00    0.00    0.00    0.00    0.00  100.00    0.00    0.00    0.00    0.00

16:23:43     CPU    %usr   %nice    %sys %iowait    %irq   %soft  %steal  %guest  %gnice   %idle
16:23:44     all    0.00    0.00    0.54    0.00    0.00   30.16    0.00    0.00    0.00   69.29
16:23:44       0    0.00    0.00    1.12    0.00    0.00    2.25    0.00    0.00    0.00   96.63
16:23:44       1    0.00    0.00    0.00    0.00    0.00    3.33    0.00    0.00    0.00   96.67
16:23:44       2    0.00    0.00    1.12    0.00    0.00    6.74    0.00    0.00    0.00   92.13
16:23:44       3    0.00    0.00    0.00    0.00    0.00  100.00    0.00    0.00    0.00    0.00

16:23:44     CPU    %usr   %nice    %sys %iowait    %irq   %soft  %steal  %guest  %gnice   %idle
16:23:45     all    0.00    0.00    0.54    0.54    0.00   31.00    0.00    0.00    0.00   67.92
16:23:45       0    0.00    0.00    0.00    0.00    0.00    2.30    0.00    0.00    0.00   97.70
16:23:45       1    0.00    0.00    2.11    0.00    0.00    6.32    0.00    0.00    0.00   91.58
16:23:45       2    0.00    0.00    0.00    2.25    0.00    7.87    0.00    0.00    0.00   89.89
16:23:45       3    0.00    0.00    0.00    0.00    0.00  100.00    0.00    0.00    0.00    0.00

16:23:45     CPU    %usr   %nice    %sys %iowait    %irq   %soft  %steal  %guest  %gnice   %idle
16:23:46     all    0.00    0.00    0.27    0.00    0.00   31.27    0.00    0.00    0.00   68.46
16:23:46       0    0.00    0.00    0.00    0.00    0.00    5.49    0.00    0.00    0.00   94.51
16:23:46       1    0.00    0.00    0.00    0.00    0.00    5.49    0.00    0.00    0.00   94.51
16:23:46       2    0.00    0.00    1.12    0.00    0.00    6.74    0.00    0.00    0.00   92.13
16:23:46       3    0.00    0.00    0.00    0.00    0.00  100.00    0.00    0.00    0.00    0.00

16:23:46     CPU    %usr   %nice    %sys %iowait    %irq   %soft  %steal  %guest  %gnice   %idle
16:23:47     all    0.00    0.00    1.07    0.00    0.00   30.75    0.00    0.00    0.00   68.18
16:23:47       0    0.00    0.00    1.11    0.00    0.00    3.33    0.00    0.00    0.00   95.56
16:23:47       1    0.00    0.00    2.15    0.00    0.00    4.30    0.00    0.00    0.00   93.55
16:23:47       2    0.00    0.00    1.10    0.00    0.00    8.79    0.00    0.00    0.00   90.11
16:23:47       3    0.00    0.00    0.00    0.00    0.00  100.00    0.00    0.00    0.00    0.00

16:23:47     CPU    %usr   %nice    %sys %iowait    %irq   %soft  %steal  %guest  %gnice   %idle
16:23:48     all    0.00    0.00    0.27    0.00    0.00   30.54    0.00    0.00    0.00   69.19
16:23:48       0    0.00    0.00    0.00    0.00    0.00    3.37    0.00    0.00    0.00   96.63
16:23:48       1    0.00    0.00    0.00    0.00    0.00    3.33    0.00    0.00    0.00   96.67
16:23:48       2    0.00    0.00    1.10    0.00    0.00    7.69    0.00    0.00    0.00   91.21
16:23:48       3    0.00    0.00    0.00    0.00    0.00  100.00    0.00    0.00    0.00    0.00

16:23:48     CPU    %usr   %nice    %sys %iowait    %irq   %soft  %steal  %guest  %gnice   %idle
16:23:49     all    0.00    0.00    0.81    0.00    0.00   30.91    0.00    0.00    0.00   68.28
16:23:49       0    0.00    0.00    0.00    0.00    0.00    4.49    0.00    0.00    0.00   95.51
16:23:49       1    0.00    0.00    1.06    0.00    0.00    6.38    0.00    0.00    0.00   92.55
16:23:49       2    0.00    0.00    2.25    0.00    0.00    5.62    0.00    0.00    0.00   92.13
16:23:49       3    0.00    0.00    0.00    0.00    0.00  100.00    0.00    0.00    0.00    0.00

16:23:49     CPU    %usr   %nice    %sys %iowait    %irq   %soft  %steal  %guest  %gnice   %idle
16:23:50     all    0.00    0.00    0.00    0.00    0.00   30.81    0.00    0.00    0.00   69.19
16:23:50       0    0.00    0.00    0.00    0.00    0.00    5.43    0.00    0.00    0.00   94.57
16:23:50       1    0.00    0.00    0.00    0.00    0.00    4.40    0.00    0.00    0.00   95.60
16:23:50       2    0.00    0.00    0.00    0.00    0.00    5.75    0.00    0.00    0.00   94.25
16:23:50       3    0.00    0.00    0.00    0.00    0.00  100.00    0.00    0.00    0.00    0.00

16:23:50     CPU    %usr   %nice    %sys %iowait    %irq   %soft  %steal  %guest  %gnice   %idle
16:23:51     all    0.00    0.00    0.27    0.54    0.00   31.00    0.00    0.00    0.00   68.19
16:23:51       0    0.00    0.00    0.00    0.00    0.00    2.27    0.00    0.00    0.00   97.73
16:23:51       1    0.00    0.00    1.06    0.00    0.00    7.45    0.00    0.00    0.00   91.49
16:23:51       2    0.00    0.00    0.00    2.22    0.00    7.78    0.00    0.00    0.00   90.00
16:23:51       3    0.00    0.00    0.00    0.00    0.00  100.00    0.00    0.00    0.00    0.00

16:23:51     CPU    %usr   %nice    %sys %iowait    %irq   %soft  %steal  %guest  %gnice   %idle
16:23:52     all    0.00    0.00    0.81    0.00    0.00   31.00    0.00    0.00    0.00   68.19
16:23:52       0    0.00    0.00    1.11    0.00    0.00    4.44    0.00    0.00    0.00   94.44
16:23:52       1    0.00    0.00    0.00    0.00    0.00    7.53    0.00    0.00    0.00   92.47
16:23:52       2    0.00    0.00    2.27    0.00    0.00    4.55    0.00    0.00    0.00   93.18
16:23:52       3    0.00    0.00    0.00    0.00    0.00  100.00    0.00    0.00    0.00    0.00

16:23:52     CPU    %usr   %nice    %sys %iowait    %irq   %soft  %steal  %guest  %gnice   %idle
16:23:53     all    0.27    0.00    0.00    0.00    0.00   31.27    0.00    0.00    0.00   68.46
16:23:53       0    0.00    0.00    0.00    0.00    0.00    5.49    0.00    0.00    0.00   94.51
16:23:53       1    0.00    0.00    0.00    0.00    0.00    5.49    0.00    0.00    0.00   94.51
16:23:53       2    1.12    0.00    0.00    0.00    0.00    6.74    0.00    0.00    0.00   92.13
16:23:53       3    0.00    0.00    0.00    0.00    0.00  100.00    0.00    0.00    0.00    0.00

16:23:53     CPU    %usr   %nice    %sys %iowait    %irq   %soft  %steal  %guest  %gnice   %idle
16:23:54     all    0.00    0.00    1.06    0.00    0.00   31.12    0.00    0.00    0.00   67.82
16:23:54       0    0.00    0.00    1.10    0.00    0.00    4.40    0.00    0.00    0.00   94.51
16:23:54       1    0.00    0.00    1.06    0.00    0.00    6.38    0.00    0.00    0.00   92.55
16:23:54       2    0.00    0.00    2.20    0.00    0.00    7.69    0.00    0.00    0.00   90.11
16:23:54       3    0.00    0.00    0.00    0.00    0.00  100.00    0.00    0.00    0.00    0.00

16:23:54     CPU    %usr   %nice    %sys %iowait    %irq   %soft  %steal  %guest  %gnice   %idle
16:23:55     all    0.00    0.00    0.54    0.00    0.00   31.00    0.00    0.00    0.00   68.46
16:23:55       0    0.00    0.00    0.00    0.00    0.00    3.37    0.00    0.00    0.00   96.63
16:23:55       1    0.00    0.00    0.00    0.00    0.00    4.40    0.00    0.00    0.00   95.60
16:23:55       2    0.00    0.00    2.20    0.00    0.00    8.79    0.00    0.00    0.00   89.01
16:23:55       3    0.00    0.00    0.00    0.00    0.00  100.00    0.00    0.00    0.00    0.00

16:23:55     CPU    %usr   %nice    %sys %iowait    %irq   %soft  %steal  %guest  %gnice   %idle
16:23:56     all    0.00    0.00    0.27    0.00    0.00   31.81    0.00    0.00    0.00   67.92
16:23:56       0    0.00    0.00    0.00    0.00    0.00    6.59    0.00    0.00    0.00   93.41
16:23:56       1    0.00    0.00    0.00    0.00    0.00    4.44    0.00    0.00    0.00   95.56
16:23:56       2    0.00    0.00    1.11    0.00    0.00    8.89    0.00    0.00    0.00   90.00
16:23:56       3    0.00    0.00    0.00    0.00    0.00  100.00    0.00    0.00    0.00    0.00

16:23:56     CPU    %usr   %nice    %sys %iowait    %irq   %soft  %steal  %guest  %gnice   %idle
16:23:57     all    0.00    0.00    0.54    0.27    0.00   30.81    0.00    0.00    0.00   68.38
16:23:57       0    0.00    0.00    1.10    0.00    0.00    5.49    0.00    0.00    0.00   93.41
16:23:57       1    0.00    0.00    1.10    0.00    0.00    3.30    0.00    0.00    0.00   95.60
16:23:57       2    0.00    0.00    0.00    1.14    0.00    6.82    0.00    0.00    0.00   92.05
16:23:57       3    0.00    0.00    0.00    0.00    0.00  100.00    0.00    0.00    0.00    0.00

16:23:57     CPU    %usr   %nice    %sys %iowait    %irq   %soft  %steal  %guest  %gnice   %idle
16:23:58     all    0.27    0.00    0.27    0.00    0.00   31.73    0.00    0.00    0.00   67.73
16:23:58       0    0.00    0.00    0.00    0.00    0.00    5.49    0.00    0.00    0.00   94.51
16:23:58       1    0.00    0.00    0.00    0.00    0.00    7.45    0.00    0.00    0.00   92.55
16:23:58       2    1.11    0.00    1.11    0.00    0.00    7.78    0.00    0.00    0.00   90.00
16:23:58       3    0.00    0.00    0.00    0.00    0.00  100.00    0.00    0.00    0.00    0.00

16:23:58     CPU    %usr   %nice    %sys %iowait    %irq   %soft  %steal  %guest  %gnice   %idle
16:23:59     all    0.00    0.00    0.27    0.00    0.00   31.18    0.00    0.00    0.00   68.55
16:23:59       0    0.00    0.00    0.00    0.00    0.00    6.52    0.00    0.00    0.00   93.48
16:23:59       1    0.00    0.00    0.00    0.00    0.00    5.43    0.00    0.00    0.00   94.57
16:23:59       2    0.00    0.00    1.14    0.00    0.00    5.68    0.00    0.00    0.00   93.18
16:23:59       3    0.00    0.00    0.00    0.00    0.00  100.00    0.00    0.00    0.00    0.00

16:23:59     CPU    %usr   %nice    %sys %iowait    %irq   %soft  %steal  %guest  %gnice   %idle
16:24:00     all    0.00    0.00    1.36    0.00    0.00   30.62    0.00    0.00    0.00   68.02
16:24:00       0    0.00    0.00    1.14    0.00    0.00    2.27    0.00    0.00    0.00   96.59
16:24:00       1    0.00    0.00    1.09    0.00    0.00    5.43    0.00    0.00    0.00   93.48
16:24:00       2    0.00    0.00    2.27    0.00    0.00    6.82    0.00    0.00    0.00   90.91
16:24:00       3    0.00    0.00    0.99    0.00    0.00   99.01    0.00    0.00    0.00    0.00

16:24:00     CPU    %usr   %nice    %sys %iowait    %irq   %soft  %steal  %guest  %gnice   %idle
16:24:01     all    0.00    0.00    0.54    0.00    0.00   30.91    0.00    0.00    0.00   68.55
16:24:01       0    0.00    0.00    0.00    0.00    0.00    4.44    0.00    0.00    0.00   95.56
16:24:01       1    0.00    0.00    1.09    0.00    0.00    4.35    0.00    0.00    0.00   94.57
16:24:01       2    0.00    0.00    1.11    0.00    0.00    7.78    0.00    0.00    0.00   91.11
16:24:01       3    0.00    0.00    0.00    0.00    0.00  100.00    0.00    0.00    0.00    0.00

16:24:01     CPU    %usr   %nice    %sys %iowait    %irq   %soft  %steal  %guest  %gnice   %idle
16:24:02     all    0.00    0.00    0.54    0.00    0.00   31.27    0.00    0.00    0.00   68.19
16:24:02       0    0.00    0.00    0.00    0.00    0.00    3.37    0.00    0.00    0.00   96.63
16:24:02       1    0.00    0.00    0.00    0.00    0.00    6.52    0.00    0.00    0.00   93.48
16:24:02       2    0.00    0.00    2.22    0.00    0.00    7.78    0.00    0.00    0.00   90.00
16:24:02       3    0.00    0.00    0.00    0.00    0.00  100.00    0.00    0.00    0.00    0.00

16:24:02     CPU    %usr   %nice    %sys %iowait    %irq   %soft  %steal  %guest  %gnice   %idle
16:24:03     all    0.00    0.00    0.27    0.54    0.00   31.45    0.00    0.00    0.00   67.74
16:24:03       0    0.00    0.00    0.00    0.00    0.00    5.49    0.00    0.00    0.00   94.51
16:24:03       1    0.00    0.00    1.10    0.00    0.00    3.30    0.00    0.00    0.00   95.60
16:24:03       2    0.00    0.00    0.00    2.22    0.00   10.00    0.00    0.00    0.00   87.78
16:24:03       3    0.00    0.00    0.00    0.00    0.00  100.00    0.00    0.00    0.00    0.00

16:24:03     CPU    %usr   %nice    %sys %iowait    %irq   %soft  %steal  %guest  %gnice   %idle
16:24:04     all    0.00    0.00    0.27    0.00    0.00   30.71    0.00    0.00    0.00   69.02
16:24:04       0    0.00    0.00    0.00    0.00    0.00    3.37    0.00    0.00    0.00   96.63
16:24:04       1    0.00    0.00    1.10    0.00    0.00    3.30    0.00    0.00    0.00   95.60
16:24:04       2    0.00    0.00    0.00    0.00    0.00    7.95    0.00    0.00    0.00   92.05
16:24:04       3    0.00    0.00    0.00    0.00    0.00  100.00    0.00    0.00    0.00    0.00

16:24:04     CPU    %usr   %nice    %sys %iowait    %irq   %soft  %steal  %guest  %gnice   %idle
16:24:05     all    0.00    0.00    0.27    0.00    0.00   31.18    0.00    0.00    0.00   68.55
16:24:05       0    0.00    0.00    0.00    0.00    0.00    3.37    0.00    0.00    0.00   96.63
16:24:05       1    0.00    0.00    0.00    0.00    0.00    5.43    0.00    0.00    0.00   94.57
16:24:05       2    0.00    0.00    1.10    0.00    0.00    8.79    0.00    0.00    0.00   90.11
16:24:05       3    0.00    0.00    0.00    0.00    0.00  100.00    0.00    0.00    0.00    0.00

16:24:05     CPU    %usr   %nice    %sys %iowait    %irq   %soft  %steal  %guest  %gnice   %idle
16:24:06     all    0.00    0.00    0.53    0.00    0.00   31.55    0.00    0.00    0.00   67.91
16:24:06       0    0.00    0.00    0.00    0.00    0.00    5.56    0.00    0.00    0.00   94.44
16:24:06       1    0.00    0.00    0.00    0.00    0.00    5.43    0.00    0.00    0.00   94.57
16:24:06       2    0.00    0.00    2.17    0.00    0.00    8.70    0.00    0.00    0.00   89.13
16:24:06       3    0.00    0.00    0.00    0.00    0.00  100.00    0.00    0.00    0.00    0.00

16:24:06     CPU    %usr   %nice    %sys %iowait    %irq   %soft  %steal  %guest  %gnice   %idle
16:24:07     all    0.00    0.00    0.27    0.00    0.00   31.27    0.00    0.00    0.00   68.46
16:24:07       0    0.00    0.00    0.00    0.00    0.00    6.59    0.00    0.00    0.00   93.41
16:24:07       1    0.00    0.00    1.09    0.00    0.00    4.35    0.00    0.00    0.00   94.57
16:24:07       2    0.00    0.00    0.00    0.00    0.00    6.82    0.00    0.00    0.00   93.18
16:24:07       3    0.00    0.00    0.00    0.00    0.00  100.00    0.00    0.00    0.00    0.00

16:24:07     CPU    %usr   %nice    %sys %iowait    %irq   %soft  %steal  %guest  %gnice   %idle
16:24:08     all    0.00    0.00    0.54    0.00    0.00   31.10    0.00    0.00    0.00   68.36
16:24:08       0    0.00    0.00    0.00    0.00    0.00    4.40    0.00    0.00    0.00   95.60
16:24:08       1    0.00    0.00    0.00    0.00    0.00    6.45    0.00    0.00    0.00   93.55
16:24:08       2    0.00    0.00    2.25    0.00    0.00    6.74    0.00    0.00    0.00   91.01
16:24:08       3    0.00    0.00    0.00    0.00    0.00  100.00    0.00    0.00    0.00    0.00

16:24:08     CPU    %usr   %nice    %sys %iowait    %irq   %soft  %steal  %guest  %gnice   %idle
16:24:09     all    0.00    0.00    1.08    0.54    0.00   30.38    0.00    0.00    0.00   68.01
16:24:09       0    0.00    0.00    1.11    0.00    0.00    3.33    0.00    0.00    0.00   95.56
16:24:09       1    0.00    0.00    1.09    0.00    0.00    4.35    0.00    0.00    0.00   94.57
16:24:09       2    0.00    0.00    2.22    2.22    0.00    6.67    0.00    0.00    0.00   88.89
16:24:09       3    0.00    0.00    0.00    0.00    0.00  100.00    0.00    0.00    0.00    0.00

16:24:09     CPU    %usr   %nice    %sys %iowait    %irq   %soft  %steal  %guest  %gnice   %idle
16:24:10     all    0.00    0.00    0.27    0.00    0.00   31.35    0.00    0.00    0.00   68.38
16:24:10       0    0.00    0.00    0.00    0.00    0.00    3.41    0.00    0.00    0.00   96.59
16:24:10       1    0.00    0.00    0.00    0.00    0.00    8.51    0.00    0.00    0.00   91.49
16:24:10       2    0.00    0.00    1.14    0.00    0.00    5.68    0.00    0.00    0.00   93.18
16:24:10       3    0.00    0.00    0.00    0.00    0.00  100.00    0.00    0.00    0.00    0.00

16:24:10     CPU    %usr   %nice    %sys %iowait    %irq   %soft  %steal  %guest  %gnice   %idle
16:24:11     all    0.00    0.00    0.27    0.00    0.00   29.38    0.00    0.00    0.00   70.35
16:24:11       0    0.00    0.00    0.00    0.00    0.00    3.33    0.00    0.00    0.00   96.67
16:24:11       1    0.00    0.00    0.00    0.00    0.00    3.33    0.00    0.00    0.00   96.67
16:24:11       2    0.00    0.00    1.09    0.00    0.00    8.70    0.00    0.00    0.00   90.22
16:24:11       3    0.00    0.00    0.00    0.00    0.00   95.96    0.00    0.00    0.00    4.04

16:24:11     CPU    %usr   %nice    %sys %iowait    %irq   %soft  %steal  %guest  %gnice   %idle
16:24:12     all    0.00    0.00    0.00    0.00    0.00    1.77    0.00    0.00    0.00   98.23
16:24:12       0    0.00    0.00    0.00    0.00    0.00    1.00    0.00    0.00    0.00   99.00
16:24:12       1    0.00    0.00    0.00    0.00    0.00    5.05    0.00    0.00    0.00   94.95
16:24:12       2    0.00    0.00    0.00    0.00    0.00    1.02    0.00    0.00    0.00   98.98
16:24:12       3    0.00    0.00    0.00    0.00    0.00    0.00    0.00    0.00    0.00  100.00

16:24:12     CPU    %usr   %nice    %sys %iowait    %irq   %soft  %steal  %guest  %gnice   %idle
16:24:13     all    0.27    0.00    0.27    0.00    0.00   30.83    0.00    0.00    0.00   68.63
16:24:13       0    0.00    0.00    0.00    0.00    0.00    2.27    0.00    0.00    0.00   97.73
16:24:13       1    0.00    0.00    0.00    0.00    0.00  100.00    0.00    0.00    0.00    0.00
16:24:13       2    1.09    0.00    1.09    0.00    0.00    6.52    0.00    0.00    0.00   91.30
16:24:13       3    0.00    0.00    0.00    0.00    0.00    7.53    0.00    0.00    0.00   92.47

16:24:13     CPU    %usr   %nice    %sys %iowait    %irq   %soft  %steal  %guest  %gnice   %idle
16:24:14     all    0.00    0.00    0.27    0.00    0.00   30.89    0.00    0.00    0.00   68.83
16:24:14       0    0.00    0.00    0.00    0.00    0.00    3.37    0.00    0.00    0.00   96.63
16:24:14       1    0.00    0.00    0.00    0.00    0.00  100.00    0.00    0.00    0.00    0.00
16:24:14       2    0.00    0.00    0.00    0.00    0.00    5.62    0.00    0.00    0.00   94.38
16:24:14       3    0.00    0.00    1.10    0.00    0.00    6.59    0.00    0.00    0.00   92.31

16:24:14     CPU    %usr   %nice    %sys %iowait    %irq   %soft  %steal  %guest  %gnice   %idle
16:24:15     all    0.00    0.00    0.80    0.00    0.00   31.10    0.00    0.00    0.00   68.10
16:24:15       0    0.00    0.00    1.10    0.00    0.00    3.30    0.00    0.00    0.00   95.60
16:24:15       1    0.00    0.00    0.00    0.00    0.00  100.00    0.00    0.00    0.00    0.00
16:24:15       2    0.00    0.00    1.09    0.00    0.00    8.70    0.00    0.00    0.00   90.22
16:24:15       3    0.00    0.00    1.11    0.00    0.00    5.56    0.00    0.00    0.00   93.33

16:24:15     CPU    %usr   %nice    %sys %iowait    %irq   %soft  %steal  %guest  %gnice   %idle
16:24:16     all    0.27    0.00    0.27    0.00    0.00   30.27    0.00    0.00    0.00   69.19
16:24:16       0    0.00    0.00    0.00    0.00    0.00    4.44    0.00    0.00    0.00   95.56
16:24:16       1    0.00    0.00    0.00    0.00    0.00  100.00    0.00    0.00    0.00    0.00
16:24:16       2    1.12    0.00    1.12    0.00    0.00    2.25    0.00    0.00    0.00   95.51
16:24:16       3    0.00    0.00    0.00    0.00    0.00    6.59    0.00    0.00    0.00   93.41

16:24:16     CPU    %usr   %nice    %sys %iowait    %irq   %soft  %steal  %guest  %gnice   %idle
16:24:17     all    0.00    0.00    0.27    0.00    0.00   30.60    0.00    0.00    0.00   69.13
16:24:17       0    0.00    0.00    0.00    0.00    0.00    2.27    0.00    0.00    0.00   97.73
16:24:17       1    0.00    0.00    0.00    0.00    0.00  100.00    0.00    0.00    0.00    0.00
16:24:17       2    0.00    0.00    1.11    0.00    0.00    6.67    0.00    0.00    0.00   92.22
16:24:17       3    0.00    0.00    0.00    0.00    0.00    4.55    0.00    0.00    0.00   95.45

16:24:17     CPU    %usr   %nice    %sys %iowait    %irq   %soft  %steal  %guest  %gnice   %idle
16:24:18     all    0.00    0.00    0.00    0.00    0.00   31.54    0.00    0.00    0.00   68.46
16:24:18       0    0.00    0.00    0.00    0.00    0.00    1.14    0.00    0.00    0.00   98.86
16:24:18       1    0.00    0.00    0.00    0.00    0.00  100.00    0.00    0.00    0.00    0.00
16:24:18       2    0.00    0.00    0.00    0.00    0.00    8.79    0.00    0.00    0.00   91.21
16:24:18       3    0.00    0.00    0.00    0.00    0.00    8.70    0.00    0.00    0.00   91.30

16:24:18     CPU    %usr   %nice    %sys %iowait    %irq   %soft  %steal  %guest  %gnice   %idle
16:24:19     all    0.27    0.00    0.27    0.00    0.00   30.08    0.00    0.00    0.00   69.38
16:24:19       0    0.00    0.00    0.00    0.00    0.00    2.27    0.00    0.00    0.00   97.73
16:24:19       1    0.00    0.00    0.00    0.00    0.00  100.00    0.00    0.00    0.00    0.00
16:24:19       2    1.10    0.00    1.10    0.00    0.00    5.49    0.00    0.00    0.00   92.31
16:24:19       3    0.00    0.00    0.00    0.00    0.00    4.44    0.00    0.00    0.00   95.56

16:24:19     CPU    %usr   %nice    %sys %iowait    %irq   %soft  %steal  %guest  %gnice   %idle
16:24:20     all    0.00    0.00    0.27    0.00    0.00   31.45    0.00    0.00    0.00   68.28
16:24:20       0    0.00    0.00    0.00    0.00    0.00    1.14    0.00    0.00    0.00   98.86
16:24:20       1    0.00    0.00    0.00    0.00    0.00  100.00    0.00    0.00    0.00    0.00
16:24:20       2    0.00    0.00    1.06    0.00    0.00   10.64    0.00    0.00    0.00   88.30
16:24:20       3    0.00    0.00    0.00    0.00    0.00    6.67    0.00    0.00    0.00   93.33

16:24:20     CPU    %usr   %nice    %sys %iowait    %irq   %soft  %steal  %guest  %gnice   %idle
16:24:21     all    0.00    0.00    1.07    0.00    0.00   30.93    0.00    0.00    0.00   68.00
16:24:21       0    0.00    0.00    1.09    0.00    0.00    8.70    0.00    0.00    0.00   90.22
16:24:21       1    0.00    0.00    0.00    0.00    0.00  100.00    0.00    0.00    0.00    0.00
16:24:21       2    0.00    0.00    1.14    0.00    0.00    2.27    0.00    0.00    0.00   96.59
16:24:21       3    0.00    0.00    2.11    0.00    0.00    6.32    0.00    0.00    0.00   91.58

16:24:21     CPU    %usr   %nice    %sys %iowait    %irq   %soft  %steal  %guest  %gnice   %idle
16:24:22     all    0.00    0.00    0.81    0.00    0.00   30.62    0.00    0.00    0.00   68.56
16:24:22       0    0.00    0.00    1.11    0.00    0.00    7.78    0.00    0.00    0.00   91.11
16:24:22       1    0.00    0.00    0.00    0.00    0.00  100.00    0.00    0.00    0.00    0.00
16:24:22       2    0.00    0.00    1.11    0.00    0.00    4.44    0.00    0.00    0.00   94.44
16:24:22       3    0.00    0.00    1.12    0.00    0.00    2.25    0.00    0.00    0.00   96.63

16:24:22     CPU    %usr   %nice    %sys %iowait    %irq   %soft  %steal  %guest  %gnice   %idle
16:24:23     all    0.00    0.00    0.54    0.00    0.00   31.10    0.00    0.00    0.00   68.36
16:24:23       0    0.00    0.00    0.00    0.00    0.00    8.89    0.00    0.00    0.00   91.11
16:24:23       1    0.00    0.00    0.00    0.00    0.00  100.00    0.00    0.00    0.00    0.00
16:24:23       2    0.00    0.00    1.11    0.00    0.00    3.33    0.00    0.00    0.00   95.56
16:24:23       3    0.00    0.00    1.08    0.00    0.00    5.38    0.00    0.00    0.00   93.55

16:24:23     CPU    %usr   %nice    %sys %iowait    %irq   %soft  %steal  %guest  %gnice   %idle
16:24:24     all    0.00    0.00    0.80    0.00    0.00   31.10    0.00    0.00    0.00   68.10
16:24:24       0    0.00    0.00    2.22    0.00    0.00    6.67    0.00    0.00    0.00   91.11
16:24:24       1    0.00    0.00    0.00    0.00    0.00  100.00    0.00    0.00    0.00    0.00
16:24:24       2    0.00    0.00    0.00    0.00    0.00    3.37    0.00    0.00    0.00   96.63
16:24:24       3    0.00    0.00    1.06    0.00    0.00    7.45    0.00    0.00    0.00   91.49

16:24:24     CPU    %usr   %nice    %sys %iowait    %irq   %soft  %steal  %guest  %gnice   %idle
16:24:25     all    0.00    0.00    0.53    0.00    0.00   31.65    0.00    0.00    0.00   67.82
16:24:25       0    0.00    0.00    0.00    0.00    0.00    9.78    0.00    0.00    0.00   90.22
16:24:25       1    0.00    0.00    0.00    0.00    0.00  100.00    0.00    0.00    0.00    0.00
16:24:25       2    0.00    0.00    2.17    0.00    0.00    5.43    0.00    0.00    0.00   92.39
16:24:25       3    0.00    0.00    0.00    0.00    0.00    5.43    0.00    0.00    0.00   94.57

16:24:25     CPU    %usr   %nice    %sys %iowait    %irq   %soft  %steal  %guest  %gnice   %idle
16:24:26     all    0.00    0.00    0.00    0.00    0.00   31.45    0.00    0.00    0.00   68.55
16:24:26       0    0.00    0.00    0.00    0.00    0.00    9.89    0.00    0.00    0.00   90.11
16:24:26       1    0.00    0.00    0.00    0.00    0.00  100.00    0.00    0.00    0.00    0.00
16:24:26       2    0.00    0.00    0.00    0.00    0.00    5.49    0.00    0.00    0.00   94.51
16:24:26       3    0.00    0.00    0.00    0.00    0.00    3.33    0.00    0.00    0.00   96.67

16:24:26     CPU    %usr   %nice    %sys %iowait    %irq   %soft  %steal  %guest  %gnice   %idle
16:24:27     all    0.00    0.00    0.54    0.00    0.00   31.45    0.00    0.00    0.00   68.01
16:24:27       0    0.00    0.00    1.11    0.00    0.00    7.78    0.00    0.00    0.00   91.11
16:24:27       1    0.00    0.00    0.00    0.00    0.00  100.00    0.00    0.00    0.00    0.00
16:24:27       2    0.00    0.00    0.00    0.00    0.00    4.49    0.00    0.00    0.00   95.51
16:24:27       3    0.00    0.00    1.08    0.00    0.00    6.45    0.00    0.00    0.00   92.47

Average:     CPU    %usr   %nice    %sys %iowait    %irq   %soft  %steal  %guest  %gnice   %idle
Average:     all    0.03    0.00    0.44    0.05    0.00   29.89    0.00    0.00    0.00   69.59
Average:       0    0.00    0.00    0.24    0.00    0.00   17.75    0.00    0.00    0.00   82.01
Average:       1    0.00    0.00    0.35    0.00    0.00   30.23    0.00    0.00    0.00   69.42
Average:       2    0.13    0.00    0.92    0.20    0.00    6.17    0.00    0.00    0.00   92.58
Average:       3    0.00    0.00    0.26    0.02    0.00   63.26    0.00    0.00    0.00   36.47
