Linux 6.12.47+rpt-rpi-v8 (host1) 	09/12/25 	_aarch64_	(4 CPU)

12:15:30     CPU    %usr   %nice    %sys %iowait    %irq   %soft  %steal  %guest  %gnice   %idle
12:15:31     all    0.00    0.00    1.10    0.00    0.00   29.75    0.00    0.00    0.00   69.15
12:15:31       0    0.00    0.00    0.00    0.00    0.00    1.15    0.00    0.00    0.00   98.85
12:15:31       1    0.00    0.00    3.37    0.00    0.00    4.49    0.00    0.00    0.00   92.13
12:15:31       2    0.00    0.00    1.15    0.00    0.00    3.45    0.00    0.00    0.00   95.40
12:15:31       3    0.00    0.00    0.00    0.00    0.00  100.00    0.00    0.00    0.00    0.00

12:15:31     CPU    %usr   %nice    %sys %iowait    %irq   %soft  %steal  %guest  %gnice   %idle
12:15:32     all    0.00    0.00    1.63    0.00    0.00   30.35    0.00    0.00    0.00   68.02
12:15:32       0    0.00    0.00    1.14    0.00    0.00    2.27    0.00    0.00    0.00   96.59
12:15:32       1    0.00    0.00    5.49    0.00    0.00    4.40    0.00    0.00    0.00   90.11
12:15:32       2    0.00    0.00    0.00    0.00    0.00    6.67    0.00    0.00    0.00   93.33
12:15:32       3    0.00    0.00    0.00    0.00    0.00  100.00    0.00    0.00    0.00    0.00

12:15:32     CPU    %usr   %nice    %sys %iowait    %irq   %soft  %steal  %guest  %gnice   %idle
12:15:33     all    0.00    0.00    1.36    0.00    0.00   30.43    0.00    0.00    0.00   68.21
12:15:33       0    0.00    0.00    0.00    0.00    0.00    3.41    0.00    0.00    0.00   96.59
12:15:33       1    0.00    0.00    4.49    0.00    0.00    4.49    0.00    0.00    0.00   91.01
12:15:33       2    0.00    0.00    1.10    0.00    0.00    5.49    0.00    0.00    0.00   93.41
12:15:33       3    0.00    0.00    0.00    0.00    0.00  100.00    0.00    0.00    0.00    0.00

12:15:33     CPU    %usr   %nice    %sys %iowait    %irq   %soft  %steal  %guest  %gnice   %idle
12:15:34     all    0.00    0.00    1.10    0.00    0.00   29.48    0.00    0.00    0.00   69.42
12:15:34       0    0.00    0.00    0.00    0.00    0.00    2.27    0.00    0.00    0.00   97.73
12:15:34       1    0.00    0.00    4.49    0.00    0.00    3.37    0.00    0.00    0.00   92.13
12:15:34       2    0.00    0.00    0.00    0.00    0.00    2.33    0.00    0.00    0.00   97.67
12:15:34       3    0.00    0.00    0.00    0.00    0.00  100.00    0.00    0.00    0.00    0.00

12:15:34     CPU    %usr   %nice    %sys %iowait    %irq   %soft  %steal  %guest  %gnice   %idle
12:15:35     all    0.00    0.00    1.63    0.00    0.00   30.25    0.00    0.00    0.00   68.12
12:15:35       0    0.00    0.00    0.00    0.00    0.00    4.49    0.00    0.00    0.00   95.51
12:15:35       1    0.00    0.00    5.68    0.00    0.00    2.27    0.00    0.00    0.00   92.05
12:15:35       2    0.00    0.00    1.11    0.00    0.00    5.56    0.00    0.00    0.00   93.33
12:15:35       3    0.00    0.00    0.00    0.00    0.00  100.00    0.00    0.00    0.00    0.00

12:15:35     CPU    %usr   %nice    %sys %iowait    %irq   %soft  %steal  %guest  %gnice   %idle
12:15:36     all    0.27    0.00    1.10    0.00    0.00   29.59    0.00    0.00    0.00   69.04
12:15:36       0    0.00    0.00    0.00    0.00    0.00    1.15    0.00    0.00    0.00   98.85
12:15:36       1    0.00    0.00    4.44    0.00    0.00    4.44    0.00    0.00    0.00   91.11
12:15:36       2    1.14    0.00    0.00    0.00    0.00    3.41    0.00    0.00    0.00   95.45
12:15:36       3    0.00    0.00    0.00    0.00    0.00  100.00    0.00    0.00    0.00    0.00

12:15:36     CPU    %usr   %nice    %sys %iowait    %irq   %soft  %steal  %guest  %gnice   %idle
12:15:37     all    0.00    0.00    1.65    0.00    0.00   29.40    0.00    0.00    0.00   68.96
12:15:37       0    0.00    0.00    2.22    0.00    0.00    2.22    0.00    0.00    0.00   95.56
12:15:37       1    0.00    0.00    4.55    0.00    0.00    2.27    0.00    0.00    0.00   93.18
12:15:37       2    0.00    0.00    0.00    0.00    0.00    3.49    0.00    0.00    0.00   96.51
12:15:37       3    0.00    0.00    0.00    0.00    0.00  100.00    0.00    0.00    0.00    0.00

12:15:37     CPU    %usr   %nice    %sys %iowait    %irq   %soft  %steal  %guest  %gnice   %idle
12:15:38     all    0.27    0.00    1.63    0.00    0.00   29.54    0.00    0.00    0.00   68.56
12:15:38       0    0.00    0.00    1.14    0.00    0.00    1.14    0.00    0.00    0.00   97.73
12:15:38       1    1.10    0.00    4.40    0.00    0.00    4.40    0.00    0.00    0.00   90.11
12:15:38       2    0.00    0.00    1.11    0.00    0.00    4.44    0.00    0.00    0.00   94.44
12:15:38       3    0.00    0.00    0.00    0.00    0.00  100.00    0.00    0.00    0.00    0.00

12:15:38     CPU    %usr   %nice    %sys %iowait    %irq   %soft  %steal  %guest  %gnice   %idle
12:15:39     all    0.00    0.00    1.37    0.00    0.00   29.95    0.00    0.00    0.00   68.68
12:15:39       0    0.00    0.00    0.00    0.00    0.00    2.30    0.00    0.00    0.00   97.70
12:15:39       1    0.00    0.00    4.55    0.00    0.00    3.41    0.00    0.00    0.00   92.05
12:15:39       2    0.00    0.00    1.12    0.00    0.00    4.49    0.00    0.00    0.00   94.38
12:15:39       3    0.00    0.00    0.00    0.00    0.00  100.00    0.00    0.00    0.00    0.00

12:15:39     CPU    %usr   %nice    %sys %iowait    %irq   %soft  %steal  %guest  %gnice   %idle
12:15:40     all    0.00    0.00    1.36    0.00    0.00   30.16    0.00    0.00    0.00   68.48
12:15:40       0    0.00    0.00    0.00    0.00    0.00    4.44    0.00    0.00    0.00   95.56
12:15:40       1    0.00    0.00    4.44    0.00    0.00    4.44    0.00    0.00    0.00   91.11
12:15:40       2    0.00    0.00    1.14    0.00    0.00    3.41    0.00    0.00    0.00   95.45
12:15:40       3    0.00    0.00    0.00    0.00    0.00  100.00    0.00    0.00    0.00    0.00

12:15:40     CPU    %usr   %nice    %sys %iowait    %irq   %soft  %steal  %guest  %gnice   %idle
12:15:41     all    0.00    0.00    1.89    0.00    0.00   30.27    0.00    0.00    0.00   67.84
12:15:41       0    0.00    0.00    1.14    0.00    0.00    2.27    0.00    0.00    0.00   96.59
12:15:41       1    0.00    0.00    5.49    0.00    0.00    4.40    0.00    0.00    0.00   90.11
12:15:41       2    0.00    0.00    1.10    0.00    0.00    6.59    0.00    0.00    0.00   92.31
12:15:41       3    0.00    0.00    0.00    0.00    0.00  100.00    0.00    0.00    0.00    0.00

12:15:41     CPU    %usr   %nice    %sys %iowait    %irq   %soft  %steal  %guest  %gnice   %idle
12:15:42     all    0.00    0.00    1.09    0.27    0.00   29.78    0.00    0.00    0.00   68.85
12:15:42       0    0.00    0.00    1.12    0.00    0.00    2.25    0.00    0.00    0.00   96.63
12:15:42       1    0.00    0.00    3.41    1.14    0.00    3.41    0.00    0.00    0.00   92.05
12:15:42       2    0.00    0.00    0.00    0.00    0.00    4.49    0.00    0.00    0.00   95.51
12:15:42       3    0.00    0.00    0.00    0.00    0.00  100.00    0.00    0.00    0.00    0.00

12:15:42     CPU    %usr   %nice    %sys %iowait    %irq   %soft  %steal  %guest  %gnice   %idle
12:15:43     all    0.00    0.00    1.09    0.00    0.00   29.70    0.00    0.00    0.00   69.21
12:15:43       0    0.00    0.00    1.12    0.00    0.00    3.37    0.00    0.00    0.00   95.51
12:15:43       1    0.00    0.00    1.12    0.00    0.00    3.37    0.00    0.00    0.00   95.51
12:15:43       2    0.00    0.00    2.25    0.00    0.00    3.37    0.00    0.00    0.00   94.38
12:15:43       3    0.00    0.00    0.00    0.00    0.00  100.00    0.00    0.00    0.00    0.00

12:15:43     CPU    %usr   %nice    %sys %iowait    %irq   %soft  %steal  %guest  %gnice   %idle
12:15:44     all    0.00    0.00    0.82    0.00    0.00   30.41    0.00    0.00    0.00   68.77
12:15:44       0    0.00    0.00    0.00    0.00    0.00    3.41    0.00    0.00    0.00   96.59
12:15:44       1    0.00    0.00    3.41    0.00    0.00    3.41    0.00    0.00    0.00   93.18
12:15:44       2    0.00    0.00    0.00    0.00    0.00    5.62    0.00    0.00    0.00   94.38
12:15:44       3    0.00    0.00    0.00    0.00    0.00  100.00    0.00    0.00    0.00    0.00

12:15:44     CPU    %usr   %nice    %sys %iowait    %irq   %soft  %steal  %guest  %gnice   %idle
12:15:45     all    0.00    0.00    1.36    0.00    0.00   30.52    0.00    0.00    0.00   68.12
12:15:45       0    0.00    0.00    1.14    0.00    0.00    2.27    0.00    0.00    0.00   96.59
12:15:45       1    0.00    0.00    4.44    0.00    0.00    4.44    0.00    0.00    0.00   91.11
12:15:45       2    0.00    0.00    0.00    0.00    0.00    6.74    0.00    0.00    0.00   93.26
12:15:45       3    0.00    0.00    0.00    0.00    0.00  100.00    0.00    0.00    0.00    0.00

12:15:45     CPU    %usr   %nice    %sys %iowait    %irq   %soft  %steal  %guest  %gnice   %idle
12:15:46     all    0.00    0.00    1.63    0.00    0.00   30.35    0.00    0.00    0.00   68.02
12:15:46       0    0.00    0.00    0.00    0.00    0.00    5.56    0.00    0.00    0.00   94.44
12:15:46       1    0.00    0.00    4.55    0.00    0.00    3.41    0.00    0.00    0.00   92.05
12:15:46       2    0.00    0.00    2.20    0.00    0.00    4.40    0.00    0.00    0.00   93.41
12:15:46       3    0.00    0.00    0.00    0.00    0.00  100.00    0.00    0.00    0.00    0.00

12:15:46     CPU    %usr   %nice    %sys %iowait    %irq   %soft  %steal  %guest  %gnice   %idle
12:15:47     all    0.00    0.00    0.55    0.00    0.00   30.68    0.00    0.00    0.00   68.77
12:15:47       0    0.00    0.00    0.00    0.00    0.00    6.59    0.00    0.00    0.00   93.41
12:15:47       1    0.00    0.00    2.30    0.00    0.00    4.60    0.00    0.00    0.00   93.10
12:15:47       2    0.00    0.00    0.00    0.00    0.00    2.30    0.00    0.00    0.00   97.70
12:15:47       3    0.00    0.00    0.00    0.00    0.00  100.00    0.00    0.00    0.00    0.00

12:15:47     CPU    %usr   %nice    %sys %iowait    %irq   %soft  %steal  %guest  %gnice   %idle
12:15:48     all    0.00    0.00    1.36    0.00    0.00   30.71    0.00    0.00    0.00   67.93
12:15:48       0    0.00    0.00    1.11    0.00    0.00    5.56    0.00    0.00    0.00   93.33
12:15:48       1    0.00    0.00    3.41    0.00    0.00    4.55    0.00    0.00    0.00   92.05
12:15:48       2    0.00    0.00    1.11    0.00    0.00    4.44    0.00    0.00    0.00   94.44
12:15:48       3    0.00    0.00    0.00    0.00    0.00  100.00    0.00    0.00    0.00    0.00

12:15:48     CPU    %usr   %nice    %sys %iowait    %irq   %soft  %steal  %guest  %gnice   %idle
12:15:49     all    0.00    0.00    1.10    0.00    0.00   29.67    0.00    0.00    0.00   69.23
12:15:49       0    0.00    0.00    0.00    0.00    0.00    3.41    0.00    0.00    0.00   96.59
12:15:49       1    0.00    0.00    4.55    0.00    0.00    2.27    0.00    0.00    0.00   93.18
12:15:49       2    0.00    0.00    0.00    0.00    0.00    3.41    0.00    0.00    0.00   96.59
12:15:49       3    0.00    0.00    0.00    0.00    0.00  100.00    0.00    0.00    0.00    0.00

12:15:49     CPU    %usr   %nice    %sys %iowait    %irq   %soft  %steal  %guest  %gnice   %idle
12:15:50     all    0.00    0.00    1.37    0.00    0.00   29.59    0.00    0.00    0.00   69.04
12:15:50       0    0.00    0.00    1.11    0.00    0.00    3.33    0.00    0.00    0.00   95.56
12:15:50       1    0.00    0.00    4.60    0.00    0.00    2.30    0.00    0.00    0.00   93.10
12:15:50       2    0.00    0.00    0.00    0.00    0.00    3.41    0.00    0.00    0.00   96.59
12:15:50       3    0.00    0.00    0.00    0.00    0.00  100.00    0.00    0.00    0.00    0.00

12:15:50     CPU    %usr   %nice    %sys %iowait    %irq   %soft  %steal  %guest  %gnice   %idle
12:15:51     all    0.00    0.00    1.10    0.00    0.00   29.95    0.00    0.00    0.00   68.96
12:15:51       0    0.00    0.00    0.00    0.00    0.00    2.30    0.00    0.00    0.00   97.70
12:15:51       1    0.00    0.00    3.41    0.00    0.00    3.41    0.00    0.00    0.00   93.18
12:15:51       2    0.00    0.00    1.12    0.00    0.00    4.49    0.00    0.00    0.00   94.38
12:15:51       3    0.00    0.00    0.00    0.00    0.00  100.00    0.00    0.00    0.00    0.00

12:15:51     CPU    %usr   %nice    %sys %iowait    %irq   %soft  %steal  %guest  %gnice   %idle
12:15:52     all    0.00    0.00    1.64    0.00    0.00   29.51    0.00    0.00    0.00   68.85
12:15:52       0    0.00    0.00    1.14    0.00    0.00    2.27    0.00    0.00    0.00   96.59
12:15:52       1    0.00    0.00    4.49    0.00    0.00    4.49    0.00    0.00    0.00   91.01
12:15:52       2    0.00    0.00    1.12    0.00    0.00    2.25    0.00    0.00    0.00   96.63
12:15:52       3    0.00    0.00    0.00    0.00    0.00  100.00    0.00    0.00    0.00    0.00

12:15:52     CPU    %usr   %nice    %sys %iowait    %irq   %soft  %steal  %guest  %gnice   %idle
12:15:53     all    0.00    0.00    1.10    0.00    0.00   29.59    0.00    0.00    0.00   69.32
12:15:53       0    0.00    0.00    0.00    0.00    0.00    3.37    0.00    0.00    0.00   96.63
12:15:53       1    0.00    0.00    4.49    0.00    0.00    3.37    0.00    0.00    0.00   92.13
12:15:53       2    0.00    0.00    0.00    0.00    0.00    2.30    0.00    0.00    0.00   97.70
12:15:53       3    0.00    0.00    0.00    0.00    0.00  100.00    0.00    0.00    0.00    0.00

12:15:53     CPU    %usr   %nice    %sys %iowait    %irq   %soft  %steal  %guest  %gnice   %idle
12:15:54     all    0.00    0.00    0.82    0.00    0.00   28.69    0.00    0.00    0.00   70.49
12:15:54       0    0.00    0.00    0.00    0.00    0.00    2.25    0.00    0.00    0.00   97.75
12:15:54       1    0.00    0.00    3.41    0.00    0.00    1.14    0.00    0.00    0.00   95.45
12:15:54       2    0.00    0.00    0.00    0.00    0.00    2.25    0.00    0.00    0.00   97.75
12:15:54       3    0.00    0.00    0.00    0.00    0.00  100.00    0.00    0.00    0.00    0.00

12:15:54     CPU    %usr   %nice    %sys %iowait    %irq   %soft  %steal  %guest  %gnice   %idle
12:15:55     all    0.00    0.00    1.62    0.00    0.00   29.11    0.00    0.00    0.00   69.27
12:15:55       0    0.00    0.00    1.09    0.00    0.00    4.35    0.00    0.00    0.00   94.57
12:15:55       1    0.00    0.00    5.62    0.00    0.00    1.12    0.00    0.00    0.00   93.26
12:15:55       2    0.00    0.00    0.00    0.00    0.00    3.33    0.00    0.00    0.00   96.67
12:15:55       3    0.00    0.00    0.00    0.00    0.00  100.00    0.00    0.00    0.00    0.00

12:15:55     CPU    %usr   %nice    %sys %iowait    %irq   %soft  %steal  %guest  %gnice   %idle
12:15:56     all    0.00    0.00    1.36    0.00    0.00   30.25    0.00    0.00    0.00   68.39
12:15:56       0    0.00    0.00    1.11    0.00    0.00    4.44    0.00    0.00    0.00   94.44
12:15:56       1    0.00    0.00    3.41    0.00    0.00    3.41    0.00    0.00    0.00   93.18
12:15:56       2    0.00    0.00    1.12    0.00    0.00    4.49    0.00    0.00    0.00   94.38
12:15:56       3    0.00    0.00    0.00    0.00    0.00  100.00    0.00    0.00    0.00    0.00

12:15:56     CPU    %usr   %nice    %sys %iowait    %irq   %soft  %steal  %guest  %gnice   %idle
12:15:57     all    0.00    0.00    0.82    0.00    0.00   29.86    0.00    0.00    0.00   69.32
12:15:57       0    0.00    0.00    0.00    0.00    0.00    3.37    0.00    0.00    0.00   96.63
12:15:57       1    0.00    0.00    3.41    0.00    0.00    3.41    0.00    0.00    0.00   93.18
12:15:57       2    0.00    0.00    0.00    0.00    0.00    3.41    0.00    0.00    0.00   96.59
12:15:57       3    0.00    0.00    0.00    0.00    0.00  100.00    0.00    0.00    0.00    0.00

12:15:57     CPU    %usr   %nice    %sys %iowait    %irq   %soft  %steal  %guest  %gnice   %idle
12:15:58     all    0.00    0.00    1.37    0.00    0.00   29.40    0.00    0.00    0.00   69.23
12:15:58       0    0.00    0.00    0.00    0.00    0.00    2.30    0.00    0.00    0.00   97.70
12:15:58       1    0.00    0.00    4.49    0.00    0.00    3.37    0.00    0.00    0.00   92.13
12:15:58       2    0.00    0.00    1.14    0.00    0.00    2.27    0.00    0.00    0.00   96.59
12:15:58       3    0.00    0.00    0.00    0.00    0.00  100.00    0.00    0.00    0.00    0.00

12:15:58     CPU    %usr   %nice    %sys %iowait    %irq   %soft  %steal  %guest  %gnice   %idle
12:15:59     all    0.00    0.00    0.54    0.00    0.00   31.08    0.00    0.00    0.00   68.38
12:15:59       0    0.00    0.00    1.09    0.00    0.00    6.52    0.00    0.00    0.00   92.39
12:15:59       1    0.00    0.00    1.11    0.00    0.00    4.44    0.00    0.00    0.00   94.44
12:15:59       2    0.00    0.00    0.00    0.00    0.00    5.68    0.00    0.00    0.00   94.32
12:15:59       3    0.00    0.00    0.00    0.00    0.00  100.00    0.00    0.00    0.00    0.00

12:15:59     CPU    %usr   %nice    %sys %iowait    %irq   %soft  %steal  %guest  %gnice   %idle
12:16:00     all    0.00    0.00    1.36    0.00    0.00   30.62    0.00    0.00    0.00   68.02
12:16:00       0    0.00    0.00    0.00    0.00    0.00    3.41    0.00    0.00    0.00   96.59
12:16:00       1    0.00    0.00    4.40    0.00    0.00    5.49    0.00    0.00    0.00   90.11
12:16:00       2    0.00    0.00    1.11    0.00    0.00    5.56    0.00    0.00    0.00   93.33
12:16:00       3    0.00    0.00    0.00    0.00    0.00  100.00    0.00    0.00    0.00    0.00

12:16:00     CPU    %usr   %nice    %sys %iowait    %irq   %soft  %steal  %guest  %gnice   %idle
12:16:01     all    0.27    0.00    1.35    0.00    0.00   30.27    0.00    0.00    0.00   68.11
12:16:01       0    0.00    0.00    1.12    0.00    0.00    3.37    0.00    0.00    0.00   95.51
12:16:01       1    1.15    0.00    3.45    0.00    0.00    1.15    0.00    0.00    0.00   94.25
12:16:01       2    0.00    0.00    1.06    0.00    0.00    8.51    0.00    0.00    0.00   90.43
12:16:01       3    0.00    0.00    0.00    0.00    0.00  100.00    0.00    0.00    0.00    0.00

12:16:01     CPU    %usr   %nice    %sys %iowait    %irq   %soft  %steal  %guest  %gnice   %idle
12:16:02     all    0.00    0.00    0.82    0.00    0.00   30.41    0.00    0.00    0.00   68.77
12:16:02       0    0.00    0.00    0.00    0.00    0.00    5.56    0.00    0.00    0.00   94.44
12:16:02       1    0.00    0.00    3.45    0.00    0.00    3.45    0.00    0.00    0.00   93.10
12:16:02       2    0.00    0.00    0.00    0.00    0.00    3.41    0.00    0.00    0.00   96.59
12:16:02       3    0.00    0.00    0.00    0.00    0.00  100.00    0.00    0.00    0.00    0.00

12:16:02     CPU    %usr   %nice    %sys %iowait    %irq   %soft  %steal  %guest  %gnice   %idle
12:16:03     all    0.00    0.00    1.36    0.00    0.00   30.89    0.00    0.00    0.00   67.75
12:16:03       0    0.00    0.00    0.00    0.00    0.00    6.59    0.00    0.00    0.00   93.41
12:16:03       1    0.00    0.00    4.55    0.00    0.00    3.41    0.00    0.00    0.00   92.05
12:16:03       2    0.00    0.00    1.11    0.00    0.00    5.56    0.00    0.00    0.00   93.33
12:16:03       3    0.00    0.00    0.00    0.00    0.00  100.00    0.00    0.00    0.00    0.00

12:16:03     CPU    %usr   %nice    %sys %iowait    %irq   %soft  %steal  %guest  %gnice   %idle
12:16:04     all    0.00    0.00    1.10    0.00    0.00   30.14    0.00    0.00    0.00   68.77
12:16:04       0    0.00    0.00    0.00    0.00    0.00    2.30    0.00    0.00    0.00   97.70
12:16:04       1    0.00    0.00    4.49    0.00    0.00    4.49    0.00    0.00    0.00   91.01
12:16:04       2    0.00    0.00    0.00    0.00    0.00    4.49    0.00    0.00    0.00   95.51
12:16:04       3    0.00    0.00    0.00    0.00    0.00  100.00    0.00    0.00    0.00    0.00

12:16:04     CPU    %usr   %nice    %sys %iowait    %irq   %soft  %steal  %guest  %gnice   %idle
12:16:05     all    0.00    0.00    1.36    0.00    0.00   30.16    0.00    0.00    0.00   68.48
12:16:05       0    0.00    0.00    0.00    0.00    0.00    3.37    0.00    0.00    0.00   96.63
12:16:05       1    0.00    0.00    4.44    0.00    0.00    4.44    0.00    0.00    0.00   91.11
12:16:05       2    0.00    0.00    1.12    0.00    0.00    4.49    0.00    0.00    0.00   94.38
12:16:05       3    0.00    0.00    0.00    0.00    0.00  100.00    0.00    0.00    0.00    0.00

12:16:05     CPU    %usr   %nice    %sys %iowait    %irq   %soft  %steal  %guest  %gnice   %idle
12:16:06     all    0.00    0.00    1.09    0.27    0.00   30.79    0.00    0.00    0.00   67.85
12:16:06       0    0.00    0.00    0.00    0.00    0.00    6.67    0.00    0.00    0.00   93.33
12:16:06       1    0.00    0.00    4.55    1.14    0.00    3.41    0.00    0.00    0.00   90.91
12:16:06       2    0.00    0.00    0.00    0.00    0.00    4.49    0.00    0.00    0.00   95.51
12:16:06       3    0.00    0.00    0.00    0.00    0.00  100.00    0.00    0.00    0.00    0.00

12:16:06     CPU    %usr   %nice    %sys %iowait    %irq   %soft  %steal  %guest  %gnice   %idle
12:16:07     all    0.00    0.00    1.89    0.00    0.00   30.19    0.00    0.00    0.00   67.92
12:16:07       0    0.00    0.00    1.11    0.00    0.00    4.44    0.00    0.00    0.00   94.44
12:16:07       1    0.00    0.00    5.32    0.00    0.00    7.45    0.00    0.00    0.00   87.23
12:16:07       2    0.00    0.00    1.15    0.00    0.00    1.15    0.00    0.00    0.00   97.70
12:16:07       3    0.00    0.00    0.00    0.00    0.00  100.00    0.00    0.00    0.00    0.00

12:16:07     CPU    %usr   %nice    %sys %iowait    %irq   %soft  %steal  %guest  %gnice   %idle
12:16:08     all    0.00    0.00    1.10    0.00    0.00   30.14    0.00    0.00    0.00   68.77
12:16:08       0    0.00    0.00    0.00    0.00    0.00    4.49    0.00    0.00    0.00   95.51
12:16:08       1    0.00    0.00    4.55    0.00    0.00    2.27    0.00    0.00    0.00   93.18
12:16:08       2    0.00    0.00    0.00    0.00    0.00    4.55    0.00    0.00    0.00   95.45
12:16:08       3    0.00    0.00    0.00    0.00    0.00  100.00    0.00    0.00    0.00    0.00

12:16:08     CPU    %usr   %nice    %sys %iowait    %irq   %soft  %steal  %guest  %gnice   %idle
12:16:09     all    0.27    0.00    0.81    0.00    0.00   30.35    0.00    0.00    0.00   68.56
12:16:09       0    0.00    0.00    0.00    0.00    0.00    6.52    0.00    0.00    0.00   93.48
12:16:09       1    1.11    0.00    3.33    0.00    0.00    4.44    0.00    0.00    0.00   91.11
12:16:09       2    0.00    0.00    0.00    0.00    0.00    1.16    0.00    0.00    0.00   98.84
12:16:09       3    0.00    0.00    0.00    0.00    0.00  100.00    0.00    0.00    0.00    0.00

12:16:09     CPU    %usr   %nice    %sys %iowait    %irq   %soft  %steal  %guest  %gnice   %idle
12:16:10     all    0.00    0.00    1.63    0.00    0.00   30.35    0.00    0.00    0.00   68.02
12:16:10       0    0.00    0.00    1.14    0.00    0.00    2.27    0.00    0.00    0.00   96.59
12:16:10       1    0.00    0.00    4.35    0.00    0.00    7.61    0.00    0.00    0.00   88.04
12:16:10       2    0.00    0.00    1.12    0.00    0.00    3.37    0.00    0.00    0.00   95.51
12:16:10       3    0.00    0.00    0.00    0.00    0.00  100.00    0.00    0.00    0.00    0.00

12:16:10     CPU    %usr   %nice    %sys %iowait    %irq   %soft  %steal  %guest  %gnice   %idle
12:16:11     all    0.00    0.00    1.08    0.27    0.00   31.72    0.00    0.00    0.00   66.94
12:16:11       0    0.00    0.00    0.00    0.00    0.00    4.49    0.00    0.00    0.00   95.51
12:16:11       1    0.00    0.00    4.40    1.10    0.00    6.59    0.00    0.00    0.00   87.91
12:16:11       2    0.00    0.00    0.00    0.00    0.00    8.70    0.00    0.00    0.00   91.30
12:16:11       3    0.00    0.00    0.00    0.00    0.00  100.00    0.00    0.00    0.00    0.00

12:16:11     CPU    %usr   %nice    %sys %iowait    %irq   %soft  %steal  %guest  %gnice   %idle
12:16:12     all    0.00    0.00    1.36    0.00    0.00   30.25    0.00    0.00    0.00   68.39
12:16:12       0    0.00    0.00    0.00    0.00    0.00    4.49    0.00    0.00    0.00   95.51
12:16:12       1    0.00    0.00    4.49    0.00    0.00    4.49    0.00    0.00    0.00   91.01
12:16:12       2    0.00    0.00    1.12    0.00    0.00    3.37    0.00    0.00    0.00   95.51
12:16:12       3    0.00    0.00    0.00    0.00    0.00  100.00    0.00    0.00    0.00    0.00

12:16:12     CPU    %usr   %nice    %sys %iowait    %irq   %soft  %steal  %guest  %gnice   %idle
12:16:13     all    0.00    0.00    1.34    0.00    0.00   30.91    0.00    0.00    0.00   67.74
12:16:13       0    0.00    0.00    0.00    0.00    0.00    4.44    0.00    0.00    0.00   95.56
12:16:13       1    0.00    0.00    5.56    0.00    0.00    4.44    0.00    0.00    0.00   90.00
12:16:13       2    0.00    0.00    0.00    0.00    0.00    7.61    0.00    0.00    0.00   92.39
12:16:13       3    0.00    0.00    0.00    0.00    0.00  100.00    0.00    0.00    0.00    0.00

12:16:13     CPU    %usr   %nice    %sys %iowait    %irq   %soft  %steal  %guest  %gnice   %idle
12:16:14     all    0.00    0.00    1.09    0.00    0.00   30.98    0.00    0.00    0.00   67.93
12:16:14       0    0.00    0.00    1.09    0.00    0.00    6.52    0.00    0.00    0.00   92.39
12:16:14       1    0.00    0.00    3.53    0.00    0.00    1.18    0.00    0.00    0.00   95.29
12:16:14       2    0.00    0.00    0.00    0.00    0.00    7.69    0.00    0.00    0.00   92.31
12:16:14       3    0.00    0.00    0.00    0.00    0.00  100.00    0.00    0.00    0.00    0.00

12:16:14     CPU    %usr   %nice    %sys %iowait    %irq   %soft  %steal  %guest  %gnice   %idle
12:16:15     all    0.00    0.00    1.35    0.00    0.00   30.81    0.00    0.00    0.00   67.84
12:16:15       0    0.00    0.00    0.00    0.00    0.00    7.69    0.00    0.00    0.00   92.31
12:16:15       1    0.00    0.00    4.49    0.00    0.00    3.37    0.00    0.00    0.00   92.13
12:16:15       2    0.00    0.00    1.11    0.00    0.00    4.44    0.00    0.00    0.00   94.44
12:16:15       3    0.00    0.00    0.00    0.00    0.00  100.00    0.00    0.00    0.00    0.00

12:16:15     CPU    %usr   %nice    %sys %iowait    %irq   %soft  %steal  %guest  %gnice   %idle
12:16:16     all    0.00    0.00    0.27    0.00    0.00   30.81    0.00    0.00    0.00   68.92
12:16:16       0    0.00    0.00    0.00    0.00    0.00    5.49    0.00    0.00    0.00   94.51
12:16:16       1    0.00    0.00    1.10    0.00    0.00    6.59    0.00    0.00    0.00   92.31
12:16:16       2    0.00    0.00    0.00    0.00    0.00    3.41    0.00    0.00    0.00   96.59
12:16:16       3    0.00    0.00    0.00    0.00    0.00  100.00    0.00    0.00    0.00    0.00

12:16:16     CPU    %usr   %nice    %sys %iowait    %irq   %soft  %steal  %guest  %gnice   %idle
12:16:17     all    0.00    0.00    1.09    0.00    0.00   30.52    0.00    0.00    0.00   68.39
12:16:17       0    0.00    0.00    0.00    0.00    0.00    4.49    0.00    0.00    0.00   95.51
12:16:17       1    0.00    0.00    3.37    0.00    0.00    5.62    0.00    0.00    0.00   91.01
12:16:17       2    0.00    0.00    1.12    0.00    0.00    3.37    0.00    0.00    0.00   95.51
12:16:17       3    0.00    0.00    0.00    0.00    0.00  100.00    0.00    0.00    0.00    0.00

12:16:17     CPU    %usr   %nice    %sys %iowait    %irq   %soft  %steal  %guest  %gnice   %idle
12:16:18     all    0.00    0.00    1.36    0.00    0.00   30.52    0.00    0.00    0.00   68.12
12:16:18       0    0.00    0.00    1.11    0.00    0.00    4.44    0.00    0.00    0.00   94.44
12:16:18       1    0.00    0.00    4.55    0.00    0.00    3.41    0.00    0.00    0.00   92.05
12:16:18       2    0.00    0.00    0.00    0.00    0.00    5.62    0.00    0.00    0.00   94.38
12:16:18       3    0.00    0.00    0.00    0.00    0.00  100.00    0.00    0.00    0.00    0.00

12:16:18     CPU    %usr   %nice    %sys %iowait    %irq   %soft  %steal  %guest  %gnice   %idle
12:16:19     all    0.00    0.00    1.08    0.00    0.00   30.62    0.00    0.00    0.00   68.29
12:16:19       0    0.00    0.00    0.00    0.00    0.00    5.56    0.00    0.00    0.00   94.44
12:16:19       1    0.00    0.00    3.37    0.00    0.00    5.62    0.00    0.00    0.00   91.01
12:16:19       2    0.00    0.00    1.11    0.00    0.00    3.33    0.00    0.00    0.00   95.56
12:16:19       3    0.00    0.00    0.00    0.00    0.00  100.00    0.00    0.00    0.00    0.00

12:16:19     CPU    %usr   %nice    %sys %iowait    %irq   %soft  %steal  %guest  %gnice   %idle
12:16:20     all    0.00    0.00    0.81    0.00    0.00   31.44    0.00    0.00    0.00   67.75
12:16:20       0    0.00    0.00    0.00    0.00    0.00    8.70    0.00    0.00    0.00   91.30
12:16:20       1    0.00    0.00    3.37    0.00    0.00    5.62    0.00    0.00    0.00   91.01
12:16:20       2    0.00    0.00    0.00    0.00    0.00    3.41    0.00    0.00    0.00   96.59
12:16:20       3    0.00    0.00    0.00    0.00    0.00  100.00    0.00    0.00    0.00    0.00

12:16:20     CPU    %usr   %nice    %sys %iowait    %irq   %soft  %steal  %guest  %gnice   %idle
12:16:21     all    0.00    0.00    1.37    0.00    0.00   30.33    0.00    0.00    0.00   68.31
12:16:21       0    0.00    0.00    0.00    0.00    0.00    4.49    0.00    0.00    0.00   95.51
12:16:21       1    0.00    0.00    4.55    0.00    0.00    3.41    0.00    0.00    0.00   92.05
12:16:21       2    0.00    0.00    1.12    0.00    0.00    4.49    0.00    0.00    0.00   94.38
12:16:21       3    0.00    0.00    0.00    0.00    0.00  100.00    0.00    0.00    0.00    0.00

12:16:21     CPU    %usr   %nice    %sys %iowait    %irq   %soft  %steal  %guest  %gnice   %idle
12:16:22     all    0.00    0.00    1.37    0.00    0.00   29.59    0.00    0.00    0.00   69.04
12:16:22       0    0.00    0.00    1.12    0.00    0.00    3.37    0.00    0.00    0.00   95.51
12:16:22       1    0.00    0.00    4.49    0.00    0.00    3.37    0.00    0.00    0.00   92.13
12:16:22       2    0.00    0.00    0.00    0.00    0.00    2.30    0.00    0.00    0.00   97.70
12:16:22       3    0.00    0.00    0.00    0.00    0.00  100.00    0.00    0.00    0.00    0.00

12:16:22     CPU    %usr   %nice    %sys %iowait    %irq   %soft  %steal  %guest  %gnice   %idle
12:16:23     all    0.00    0.00    1.34    0.27    0.00   31.18    0.00    0.00    0.00   67.20
12:16:23       0    0.00    0.00    1.10    0.00    0.00    5.49    0.00    0.00    0.00   93.41
12:16:23       1    0.00    0.00    3.30    0.00    0.00    7.69    0.00    0.00    0.00   89.01
12:16:23       2    0.00    0.00    1.11    1.11    0.00    4.44    0.00    0.00    0.00   93.33
12:16:23       3    0.00    0.00    0.00    0.00    0.00  100.00    0.00    0.00    0.00    0.00

12:16:23     CPU    %usr   %nice    %sys %iowait    %irq   %soft  %steal  %guest  %gnice   %idle
12:16:24     all    0.00    0.00    1.09    0.00    0.00   30.98    0.00    0.00    0.00   67.93
12:16:24       0    0.00    0.00    0.00    0.00    0.00    5.56    0.00    0.00    0.00   94.44
12:16:24       1    0.00    0.00    4.44    0.00    0.00    5.56    0.00    0.00    0.00   90.00
12:16:24       2    0.00    0.00    0.00    0.00    0.00    4.55    0.00    0.00    0.00   95.45
12:16:24       3    0.00    0.00    0.00    0.00    0.00  100.00    0.00    0.00    0.00    0.00

12:16:24     CPU    %usr   %nice    %sys %iowait    %irq   %soft  %steal  %guest  %gnice   %idle
12:16:25     all    0.00    0.00    1.35    0.00    0.00   29.11    0.00    0.00    0.00   69.54
12:16:25       0    0.00    0.00    1.08    0.00    0.00    4.30    0.00    0.00    0.00   94.62
12:16:25       1    0.00    0.00    3.45    0.00    0.00    1.15    0.00    0.00    0.00   95.40
12:16:25       2    0.00    0.00    1.10    0.00    0.00    3.30    0.00    0.00    0.00   95.60
12:16:25       3    0.00    0.00    0.00    0.00    0.00  100.00    0.00    0.00    0.00    0.00

12:16:25     CPU    %usr   %nice    %sys %iowait    %irq   %soft  %steal  %guest  %gnice   %idle
12:16:26     all    0.00    0.00    1.09    0.00    0.00   28.96    0.00    0.00    0.00   69.95
12:16:26       0    0.00    0.00    0.00    0.00    0.00    2.27    0.00    0.00    0.00   97.73
12:16:26       1    0.00    0.00    3.37    0.00    0.00    3.37    0.00    0.00    0.00   93.26
12:16:26       2    0.00    0.00    1.12    0.00    0.00    1.12    0.00    0.00    0.00   97.75
12:16:26       3    0.00    0.00    0.00    0.00    0.00  100.00    0.00    0.00    0.00    0.00

12:16:26     CPU    %usr   %nice    %sys %iowait    %irq   %soft  %steal  %guest  %gnice   %idle
12:16:27     all    0.00    0.00    1.09    0.00    0.00   30.98    0.00    0.00    0.00   67.93
12:16:27       0    0.00    0.00    0.00    0.00    0.00    5.56    0.00    0.00    0.00   94.44
12:16:27       1    0.00    0.00    4.40    0.00    0.00    6.59    0.00    0.00    0.00   89.01
12:16:27       2    0.00    0.00    0.00    0.00    0.00    3.45    0.00    0.00    0.00   96.55
12:16:27       3    0.00    0.00    0.00    0.00    0.00  100.00    0.00    0.00    0.00    0.00

12:16:27     CPU    %usr   %nice    %sys %iowait    %irq   %soft  %steal  %guest  %gnice   %idle
12:16:28     all    0.00    0.00    1.36    0.00    0.00   30.43    0.00    0.00    0.00   68.21
12:16:28       0    0.00    0.00    1.12    0.00    0.00    3.37    0.00    0.00    0.00   95.51
12:16:28       1    0.00    0.00    4.55    0.00    0.00    3.41    0.00    0.00    0.00   92.05
12:16:28       2    0.00    0.00    0.00    0.00    0.00    6.59    0.00    0.00    0.00   93.41
12:16:28       3    0.00    0.00    0.00    0.00    0.00  100.00    0.00    0.00    0.00    0.00

12:16:28     CPU    %usr   %nice    %sys %iowait    %irq   %soft  %steal  %guest  %gnice   %idle
12:16:29     all    0.00    0.00    0.83    0.00    0.00   30.11    0.00    0.00    0.00   69.06
12:16:29       0    0.00    0.00    0.00    0.00    0.00    3.41    0.00    0.00    0.00   96.59
12:16:29       1    0.00    0.00    3.49    0.00    0.00    2.33    0.00    0.00    0.00   94.19
12:16:29       2    0.00    0.00    0.00    0.00    0.00    4.55    0.00    0.00    0.00   95.45
12:16:29       3    0.00    0.00    0.00    0.00    0.00  100.00    0.00    0.00    0.00    0.00

12:16:29     CPU    %usr   %nice    %sys %iowait    %irq   %soft  %steal  %guest  %gnice   %idle
12:16:30     all    0.00    0.00    1.38    0.00    0.00   29.48    0.00    0.00    0.00   69.15
12:16:30       0    0.00    0.00    1.15    0.00    0.00    2.30    0.00    0.00    0.00   96.55
12:16:30       1    0.00    0.00    4.55    0.00    0.00    3.41    0.00    0.00    0.00   92.05
12:16:30       2    0.00    0.00    0.00    0.00    0.00    2.27    0.00    0.00    0.00   97.73
12:16:30       3    0.00    0.00    0.00    0.00    0.00  100.00    0.00    0.00    0.00    0.00

Average:     CPU    %usr   %nice    %sys %iowait    %irq   %soft  %steal  %guest  %gnice   %idle
Average:     all    0.02    0.00    1.23    0.02    0.00   30.20    0.00    0.00    0.00   68.54
Average:       0    0.00    0.00    0.45    0.00    0.00    4.01    0.00    0.00    0.00   95.54
Average:       1    0.06    0.00    4.05    0.06    0.00    3.97    0.00    0.00    0.00   91.87
Average:       2    0.02    0.00    0.56    0.02    0.00    4.23    0.00    0.00    0.00   95.17
Average:       3    0.00    0.00    0.00    0.00    0.00  100.00    0.00    0.00    0.00    0.00
