Linux 6.12.47+rpt-rpi-v8 (host1) 	09/12/25 	_aarch64_	(4 CPU)

16:27:04     CPU    %usr   %nice    %sys %iowait    %irq   %soft  %steal  %guest  %gnice   %idle
16:27:05     all    0.00    0.00    0.28    0.00    0.00   31.37    0.00    0.00    0.00   68.35
16:27:05       0    0.00    0.00    1.16    0.00    0.00    3.49    0.00    0.00    0.00   95.35
16:27:05       1    0.00    0.00    0.00    0.00    0.00    3.57    0.00    0.00    0.00   96.43
16:27:05       2    0.00    0.00    0.00    0.00    0.00  100.00    0.00    0.00    0.00    0.00
16:27:05       3    0.00    0.00    0.00    0.00    0.00    6.90    0.00    0.00    0.00   93.10

16:27:05     CPU    %usr   %nice    %sys %iowait    %irq   %soft  %steal  %guest  %gnice   %idle
16:27:06     all    0.28    0.00    0.55    0.00    0.00   32.23    0.00    0.00    0.00   66.94
16:27:06       0    0.00    0.00    1.12    0.00    0.00    6.74    0.00    0.00    0.00   92.13
16:27:06       1    1.15    0.00    0.00    0.00    0.00    6.90    0.00    0.00    0.00   91.95
16:27:06       2    0.00    0.00    0.00    0.00    0.00  100.00    0.00    0.00    0.00    0.00
16:27:06       3    0.00    0.00    1.15    0.00    0.00    5.75    0.00    0.00    0.00   93.10

16:27:06     CPU    %usr   %nice    %sys %iowait    %irq   %soft  %steal  %guest  %gnice   %idle
16:27:07     all    0.00    0.00    0.00    0.00    0.00   31.18    0.00    0.00    0.00   68.82
16:27:07       0    0.00    0.00    0.00    0.00    0.00    5.88    0.00    0.00    0.00   94.12
16:27:07       1    0.00    0.00    0.00    0.00    0.00    4.71    0.00    0.00    0.00   95.29
16:27:07       2    0.00    0.00    0.00    0.00    0.00   32.22    0.00    0.00    0.00   67.78
16:27:07       3    0.00    0.00    0.00    0.00    0.00   76.04    0.00    0.00    0.00   23.96

16:27:07     CPU    %usr   %nice    %sys %iowait    %irq   %soft  %steal  %guest  %gnice   %idle
16:27:08     all    0.00    0.00    0.83    0.00    0.00   32.04    0.00    0.00    0.00   67.13
16:27:08       0    0.00    0.00    1.14    0.00    0.00    5.68    0.00    0.00    0.00   93.18
16:27:08       1    0.00    0.00    1.12    0.00    0.00    7.87    0.00    0.00    0.00   91.01
16:27:08       2    0.00    0.00    1.18    0.00    0.00    4.71    0.00    0.00    0.00   94.12
16:27:08       3    0.00    0.00    0.00    0.00    0.00  100.00    0.00    0.00    0.00    0.00

16:27:08     CPU    %usr   %nice    %sys %iowait    %irq   %soft  %steal  %guest  %gnice   %idle
16:27:09     all    0.00    0.00    0.28    0.00    0.00   31.28    0.00    0.00    0.00   68.44
16:27:09       0    0.00    0.00    0.00    0.00    0.00    3.57    0.00    0.00    0.00   96.43
16:27:09       1    0.00    0.00    0.00    0.00    0.00    4.65    0.00    0.00    0.00   95.35
16:27:09       2    0.00    0.00    1.14    0.00    0.00    6.82    0.00    0.00    0.00   92.05
16:27:09       3    0.00    0.00    0.00    0.00    0.00   99.00    0.00    0.00    0.00    1.00

16:27:09     CPU    %usr   %nice    %sys %iowait    %irq   %soft  %steal  %guest  %gnice   %idle
16:27:10     all    0.00    0.00    0.28    0.28    0.00   31.93    0.00    0.00    0.00   67.51
16:27:10       0    0.00    0.00    1.16    0.00    0.00    4.65    0.00    0.00    0.00   94.19
16:27:10       1    0.00    0.00    0.00    0.00    0.00    5.88    0.00    0.00    0.00   94.12
16:27:10       2    0.00    0.00    0.00    0.00    0.00   99.01    0.00    0.00    0.00    0.99
16:27:10       3    0.00    0.00    0.00    1.18    0.00    5.88    0.00    0.00    0.00   92.94

16:27:10     CPU    %usr   %nice    %sys %iowait    %irq   %soft  %steal  %guest  %gnice   %idle
16:27:11     all    0.00    0.00    1.09    0.00    0.00   32.24    0.00    0.00    0.00   66.67
16:27:11       0    0.00    0.00    2.25    0.00    0.00    5.62    0.00    0.00    0.00   92.13
16:27:11       1    0.00    0.00    1.14    0.00    0.00    6.82    0.00    0.00    0.00   92.05
16:27:11       2    0.00    0.00    0.00    0.00    0.00  100.00    0.00    0.00    0.00    0.00
16:27:11       3    0.00    0.00    1.12    0.00    0.00    7.87    0.00    0.00    0.00   91.01

16:27:11     CPU    %usr   %nice    %sys %iowait    %irq   %soft  %steal  %guest  %gnice   %idle
16:27:12     all    0.00    0.00    1.10    0.00    0.00   32.69    0.00    0.00    0.00   66.21
16:27:12       0    0.00    0.00    1.16    0.00    0.00    4.65    0.00    0.00    0.00   94.19
16:27:12       1    0.00    0.00    2.22    0.00    0.00    8.89    0.00    0.00    0.00   88.89
16:27:12       2    0.00    0.00    0.00    0.00    0.00  100.00    0.00    0.00    0.00    0.00
16:27:12       3    0.00    0.00    1.14    0.00    0.00    7.95    0.00    0.00    0.00   90.91

16:27:12     CPU    %usr   %nice    %sys %iowait    %irq   %soft  %steal  %guest  %gnice   %idle
16:27:13     all    0.00    0.00    0.00    0.00    0.00   29.39    0.00    0.00    0.00   70.61
16:27:13       0    0.00    0.00    0.00    0.00    0.00    6.98    0.00    0.00    0.00   93.02
16:27:13       1    0.00    0.00    0.00    0.00    0.00    3.61    0.00    0.00    0.00   96.39
16:27:13       2    0.00    0.00    0.00    0.00    0.00   70.65    0.00    0.00    0.00   29.35
16:27:13       3    0.00    0.00    0.00    0.00    0.00   32.56    0.00    0.00    0.00   67.44

16:27:13     CPU    %usr   %nice    %sys %iowait    %irq   %soft  %steal  %guest  %gnice   %idle
16:27:14     all    0.00    0.00    0.83    0.00    0.00   31.86    0.00    0.00    0.00   67.31
16:27:14       0    0.00    0.00    1.15    0.00    0.00    5.75    0.00    0.00    0.00   93.10
16:27:14       1    0.00    0.00    2.27    0.00    0.00    5.68    0.00    0.00    0.00   92.05
16:27:14       2    0.00    0.00    0.00    0.00    0.00    5.81    0.00    0.00    0.00   94.19
16:27:14       3    0.00    0.00    0.00    0.00    0.00  100.00    0.00    0.00    0.00    0.00

16:27:14     CPU    %usr   %nice    %sys %iowait    %irq   %soft  %steal  %guest  %gnice   %idle
16:27:15     all    0.28    0.00    1.10    0.83    0.00   31.49    0.00    0.00    0.00   66.30
16:27:15       0    0.00    0.00    0.00    0.00    0.00    4.71    0.00    0.00    0.00   95.29
16:27:15       1    1.12    0.00    2.25    3.37    0.00    5.62    0.00    0.00    0.00   87.64
16:27:15       2    0.00    0.00    2.27    0.00    0.00    5.68    0.00    0.00    0.00   92.05
16:27:15       3    0.00    0.00    0.00    0.00    0.00  100.00    0.00    0.00    0.00    0.00

16:27:15     CPU    %usr   %nice    %sys %iowait    %irq   %soft  %steal  %guest  %gnice   %idle
16:27:16     all    0.00    0.00    0.28    0.00    0.00   31.55    0.00    0.00    0.00   68.17
16:27:16       0    0.00    0.00    0.00    0.00    0.00    4.76    0.00    0.00    0.00   95.24
16:27:16       1    0.00    0.00    0.00    0.00    0.00    4.71    0.00    0.00    0.00   95.29
16:27:16       2    0.00    0.00    1.16    0.00    0.00    4.65    0.00    0.00    0.00   94.19
16:27:16       3    0.00    0.00    0.00    0.00    0.00  100.00    0.00    0.00    0.00    0.00

16:27:16     CPU    %usr   %nice    %sys %iowait    %irq   %soft  %steal  %guest  %gnice   %idle
16:27:17     all    0.00    0.00    1.11    0.00    0.00   31.30    0.00    0.00    0.00   67.59
16:27:17       0    0.00    0.00    1.15    0.00    0.00    5.75    0.00    0.00    0.00   93.10
16:27:17       1    0.00    0.00    2.27    0.00    0.00    4.55    0.00    0.00    0.00   93.18
16:27:17       2    0.00    0.00    1.16    0.00    0.00    4.65    0.00    0.00    0.00   94.19
16:27:17       3    0.00    0.00    0.00    0.00    0.00  100.00    0.00    0.00    0.00    0.00

16:27:17     CPU    %usr   %nice    %sys %iowait    %irq   %soft  %steal  %guest  %gnice   %idle
16:27:18     all    0.00    0.00    1.10    0.00    0.00   31.49    0.00    0.00    0.00   67.40
16:27:18       0    0.00    0.00    2.22    0.00    0.00    7.78    0.00    0.00    0.00   90.00
16:27:18       1    0.00    0.00    0.00    0.00    0.00    4.65    0.00    0.00    0.00   95.35
16:27:18       2    0.00    0.00    2.33    0.00    0.00    3.49    0.00    0.00    0.00   94.19
16:27:18       3    0.00    0.00    0.00    0.00    0.00  100.00    0.00    0.00    0.00    0.00

16:27:18     CPU    %usr   %nice    %sys %iowait    %irq   %soft  %steal  %guest  %gnice   %idle
16:27:19     all    0.00    0.00    0.84    0.00    0.00   31.09    0.00    0.00    0.00   68.07
16:27:19       0    0.00    0.00    1.15    0.00    0.00    5.75    0.00    0.00    0.00   93.10
16:27:19       1    0.00    0.00    1.16    0.00    0.00    4.65    0.00    0.00    0.00   94.19
16:27:19       2    0.00    0.00    1.19    0.00    0.00    2.38    0.00    0.00    0.00   96.43
16:27:19       3    0.00    0.00    0.00    0.00    0.00  100.00    0.00    0.00    0.00    0.00

16:27:19     CPU    %usr   %nice    %sys %iowait    %irq   %soft  %steal  %guest  %gnice   %idle
16:27:20     all    0.00    0.00    0.57    0.00    0.00   29.31    0.00    0.00    0.00   70.11
16:27:20       0    0.00    0.00    1.19    0.00    0.00    4.76    0.00    0.00    0.00   94.05
16:27:20       1    0.00    0.00    1.18    0.00    0.00    5.88    0.00    0.00    0.00   92.94
16:27:20       2    0.00    0.00    0.00    0.00    0.00    4.82    0.00    0.00    0.00   95.18
16:27:20       3    0.00    0.00    0.00    0.00    0.00   92.71    0.00    0.00    0.00    7.29

16:27:20     CPU    %usr   %nice    %sys %iowait    %irq   %soft  %steal  %guest  %gnice   %idle
16:27:21     all    0.00    0.00    0.28    0.28    0.00   32.78    0.00    0.00    0.00   66.67
16:27:21       0    0.00    0.00    0.00    0.00    0.00    6.90    0.00    0.00    0.00   93.10
16:27:21       1    0.00    0.00    0.00    0.00    0.00  100.00    0.00    0.00    0.00    0.00
16:27:21       2    0.00    0.00    0.00    0.00    0.00    6.98    0.00    0.00    0.00   93.02
16:27:21       3    0.00    0.00    1.11    1.11    0.00    7.78    0.00    0.00    0.00   90.00

16:27:21     CPU    %usr   %nice    %sys %iowait    %irq   %soft  %steal  %guest  %gnice   %idle
16:27:22     all    0.00    0.00    0.28    0.00    0.00   31.56    0.00    0.00    0.00   68.16
16:27:22       0    0.00    0.00    1.18    0.00    0.00    4.71    0.00    0.00    0.00   94.12
16:27:22       1    0.00    0.00    0.00    0.00    0.00  100.00    0.00    0.00    0.00    0.00
16:27:22       2    0.00    0.00    0.00    0.00    0.00    5.75    0.00    0.00    0.00   94.25
16:27:22       3    0.00    0.00    0.00    0.00    0.00    4.65    0.00    0.00    0.00   95.35

16:27:22     CPU    %usr   %nice    %sys %iowait    %irq   %soft  %steal  %guest  %gnice   %idle
16:27:23     all    0.00    0.00    0.56    0.00    0.00   32.03    0.00    0.00    0.00   67.41
16:27:23       0    0.00    0.00    1.18    0.00    0.00    4.71    0.00    0.00    0.00   94.12
16:27:23       1    0.00    0.00    0.00    0.00    0.00  100.00    0.00    0.00    0.00    0.00
16:27:23       2    0.00    0.00    1.12    0.00    0.00    7.87    0.00    0.00    0.00   91.01
16:27:23       3    0.00    0.00    0.00    0.00    0.00    4.71    0.00    0.00    0.00   95.29

16:27:23     CPU    %usr   %nice    %sys %iowait    %irq   %soft  %steal  %guest  %gnice   %idle
16:27:24     all    0.00    0.00    0.28    0.00    0.00   31.86    0.00    0.00    0.00   67.87
16:27:24       0    0.00    0.00    0.00    0.00    0.00    5.75    0.00    0.00    0.00   94.25
16:27:24       1    0.00    0.00    0.00    0.00    0.00  100.00    0.00    0.00    0.00    0.00
16:27:24       2    0.00    0.00    1.16    0.00    0.00    4.65    0.00    0.00    0.00   94.19
16:27:24       3    0.00    0.00    0.00    0.00    0.00    6.82    0.00    0.00    0.00   93.18

16:27:24     CPU    %usr   %nice    %sys %iowait    %irq   %soft  %steal  %guest  %gnice   %idle
16:27:25     all    0.00    0.00    0.56    0.00    0.00   31.46    0.00    0.00    0.00   67.98
16:27:25       0    0.00    0.00    1.18    0.00    0.00    4.71    0.00    0.00    0.00   94.12
16:27:25       1    0.00    0.00    0.00    0.00    0.00  100.00    0.00    0.00    0.00    0.00
16:27:25       2    0.00    0.00    1.19    0.00    0.00    2.38    0.00    0.00    0.00   96.43
16:27:25       3    0.00    0.00    0.00    0.00    0.00    6.90    0.00    0.00    0.00   93.10

16:27:25     CPU    %usr   %nice    %sys %iowait    %irq   %soft  %steal  %guest  %gnice   %idle
16:27:26     all    0.00    0.00    0.28    0.00    0.00   31.65    0.00    0.00    0.00   68.07
16:27:26       0    0.00    0.00    1.16    0.00    0.00    3.49    0.00    0.00    0.00   95.35
16:27:26       1    0.00    0.00    0.00    0.00    0.00  100.00    0.00    0.00    0.00    0.00
16:27:26       2    0.00    0.00    0.00    0.00    0.00    5.88    0.00    0.00    0.00   94.12
16:27:26       3    0.00    0.00    0.00    0.00    0.00    5.81    0.00    0.00    0.00   94.19

16:27:26     CPU    %usr   %nice    %sys %iowait    %irq   %soft  %steal  %guest  %gnice   %idle
16:27:27     all    0.00    0.00    0.55    0.00    0.00   32.51    0.00    0.00    0.00   66.94
16:27:27       0    0.00    0.00    0.00    0.00    0.00    5.81    0.00    0.00    0.00   94.19
16:27:27       1    0.00    0.00    0.00    0.00    0.00  100.00    0.00    0.00    0.00    0.00
16:27:27       2    0.00    0.00    1.16    0.00    0.00    4.65    0.00    0.00    0.00   94.19
16:27:27       3    0.00    0.00    1.10    0.00    0.00    9.89    0.00    0.00    0.00   89.01

16:27:27     CPU    %usr   %nice    %sys %iowait    %irq   %soft  %steal  %guest  %gnice   %idle
16:27:28     all    0.00    0.00    0.28    0.00    0.00   30.59    0.00    0.00    0.00   69.12
16:27:28       0    0.00    0.00    0.00    0.00    0.00   68.82    0.00    0.00    0.00   31.18
16:27:28       1    0.00    0.00    0.00    0.00    0.00   39.33    0.00    0.00    0.00   60.67
16:27:28       2    0.00    0.00    0.00    0.00    0.00    5.81    0.00    0.00    0.00   94.19
16:27:28       3    0.00    0.00    1.18    0.00    0.00    4.71    0.00    0.00    0.00   94.12

16:27:28     CPU    %usr   %nice    %sys %iowait    %irq   %soft  %steal  %guest  %gnice   %idle
16:27:29     all    0.00    0.00    0.56    0.00    0.00   31.18    0.00    0.00    0.00   68.26
16:27:29       0    0.00    0.00    0.00    0.00    0.00  100.00    0.00    0.00    0.00    0.00
16:27:29       1    0.00    0.00    1.16    0.00    0.00    4.65    0.00    0.00    0.00   94.19
16:27:29       2    0.00    0.00    1.15    0.00    0.00    5.75    0.00    0.00    0.00   93.10
16:27:29       3    0.00    0.00    0.00    0.00    0.00    2.41    0.00    0.00    0.00   97.59

16:27:29     CPU    %usr   %nice    %sys %iowait    %irq   %soft  %steal  %guest  %gnice   %idle
16:27:30     all    0.00    0.00    0.84    0.00    0.00   30.73    0.00    0.00    0.00   68.44
16:27:30       0    0.00    0.00    0.00    0.00    0.00  100.00    0.00    0.00    0.00    0.00
16:27:30       1    0.00    0.00    0.00    0.00    0.00    2.38    0.00    0.00    0.00   97.62
16:27:30       2    0.00    0.00    1.15    0.00    0.00    4.60    0.00    0.00    0.00   94.25
16:27:30       3    0.00    0.00    2.30    0.00    0.00    4.60    0.00    0.00    0.00   93.10

16:27:30     CPU    %usr   %nice    %sys %iowait    %irq   %soft  %steal  %guest  %gnice   %idle
16:27:31     all    0.00    0.00    0.55    0.00    0.00   32.60    0.00    0.00    0.00   66.85
16:27:31       0    0.00    0.00    0.00    0.00    0.00  100.00    0.00    0.00    0.00    0.00
16:27:31       1    0.00    0.00    0.00    0.00    0.00    5.81    0.00    0.00    0.00   94.19
16:27:31       2    0.00    0.00    1.11    0.00    0.00    7.78    0.00    0.00    0.00   91.11
16:27:31       3    0.00    0.00    1.12    0.00    0.00    7.87    0.00    0.00    0.00   91.01

16:27:31     CPU    %usr   %nice    %sys %iowait    %irq   %soft  %steal  %guest  %gnice   %idle
16:27:32     all    0.00    0.00    0.84    0.00    0.00   31.18    0.00    0.00    0.00   67.98
16:27:32       0    0.00    0.00    0.00    0.00    0.00  100.00    0.00    0.00    0.00    0.00
16:27:32       1    0.00    0.00    1.18    0.00    0.00    3.53    0.00    0.00    0.00   95.29
16:27:32       2    0.00    0.00    1.18    0.00    0.00    3.53    0.00    0.00    0.00   95.29
16:27:32       3    0.00    0.00    1.16    0.00    0.00    5.81    0.00    0.00    0.00   93.02

16:27:32     CPU    %usr   %nice    %sys %iowait    %irq   %soft  %steal  %guest  %gnice   %idle
16:27:33     all    0.28    0.00    0.28    0.00    0.00   31.67    0.00    0.00    0.00   67.78
16:27:33       0    0.00    0.00    0.00    0.00    0.00  100.00    0.00    0.00    0.00    0.00
16:27:33       1    0.00    0.00    0.00    0.00    0.00    3.57    0.00    0.00    0.00   96.43
16:27:33       2    0.00    0.00    0.00    0.00    0.00    5.75    0.00    0.00    0.00   94.25
16:27:33       3    1.12    0.00    1.12    0.00    0.00    6.74    0.00    0.00    0.00   91.01

16:27:33     CPU    %usr   %nice    %sys %iowait    %irq   %soft  %steal  %guest  %gnice   %idle
16:27:34     all    0.00    0.00    0.83    0.00    0.00   31.86    0.00    0.00    0.00   67.31
16:27:34       0    0.00    0.00    0.00    0.00    0.00  100.00    0.00    0.00    0.00    0.00
16:27:34       1    0.00    0.00    1.14    0.00    0.00    6.82    0.00    0.00    0.00   92.05
16:27:34       2    0.00    0.00    1.16    0.00    0.00    4.65    0.00    0.00    0.00   94.19
16:27:34       3    0.00    0.00    1.15    0.00    0.00    5.75    0.00    0.00    0.00   93.10

16:27:34     CPU    %usr   %nice    %sys %iowait    %irq   %soft  %steal  %guest  %gnice   %idle
16:27:35     all    0.00    0.00    0.28    0.00    0.00   31.09    0.00    0.00    0.00   68.63
16:27:35       0    0.00    0.00    0.00    0.00    0.00  100.00    0.00    0.00    0.00    0.00
16:27:35       1    0.00    0.00    0.00    0.00    0.00    4.65    0.00    0.00    0.00   95.35
16:27:35       2    0.00    0.00    0.00    0.00    0.00    5.81    0.00    0.00    0.00   94.19
16:27:35       3    0.00    0.00    1.18    0.00    0.00    2.35    0.00    0.00    0.00   96.47

16:27:35     CPU    %usr   %nice    %sys %iowait    %irq   %soft  %steal  %guest  %gnice   %idle
16:27:36     all    0.00    0.00    0.56    0.00    0.00   31.09    0.00    0.00    0.00   68.35
16:27:36       0    0.00    0.00    0.00    0.00    0.00  100.00    0.00    0.00    0.00    0.00
16:27:36       1    0.00    0.00    1.15    0.00    0.00    4.60    0.00    0.00    0.00   94.25
16:27:36       2    0.00    0.00    0.00    0.00    0.00    4.71    0.00    0.00    0.00   95.29
16:27:36       3    0.00    0.00    1.18    0.00    0.00    3.53    0.00    0.00    0.00   95.29

16:27:36     CPU    %usr   %nice    %sys %iowait    %irq   %soft  %steal  %guest  %gnice   %idle
16:27:37     all    0.00    0.00    0.83    0.00    0.00   32.23    0.00    0.00    0.00   66.94
16:27:37       0    0.00    0.00    0.00    0.00    0.00  100.00    0.00    0.00    0.00    0.00
16:27:37       1    0.00    0.00    2.30    0.00    0.00    4.60    0.00    0.00    0.00   93.10
16:27:37       2    0.00    0.00    0.00    0.00    0.00    5.81    0.00    0.00    0.00   94.19
16:27:37       3    0.00    0.00    1.11    0.00    0.00    8.89    0.00    0.00    0.00   90.00

16:27:37     CPU    %usr   %nice    %sys %iowait    %irq   %soft  %steal  %guest  %gnice   %idle
16:27:38     all    0.00    0.00    1.11    0.00    0.00   31.39    0.00    0.00    0.00   67.50
16:27:38       0    0.00    0.00    0.00    0.00    0.00  100.00    0.00    0.00    0.00    0.00
16:27:38       1    0.00    0.00    2.25    0.00    0.00    6.74    0.00    0.00    0.00   91.01
16:27:38       2    0.00    0.00    0.00    0.00    0.00    4.71    0.00    0.00    0.00   95.29
16:27:38       3    0.00    0.00    2.33    0.00    0.00    3.49    0.00    0.00    0.00   94.19

16:27:38     CPU    %usr   %nice    %sys %iowait    %irq   %soft  %steal  %guest  %gnice   %idle
16:27:39     all    0.00    0.00    0.28    0.00    0.00   30.79    0.00    0.00    0.00   68.93
16:27:39       0    0.00    0.00    0.00    0.00    0.00  100.00    0.00    0.00    0.00    0.00
16:27:39       1    0.00    0.00    0.00    0.00    0.00    5.81    0.00    0.00    0.00   94.19
16:27:39       2    0.00    0.00    0.00    0.00    0.00    2.41    0.00    0.00    0.00   97.59
16:27:39       3    0.00    0.00    1.18    0.00    0.00    2.35    0.00    0.00    0.00   96.47

16:27:39     CPU    %usr   %nice    %sys %iowait    %irq   %soft  %steal  %guest  %gnice   %idle
16:27:40     all    0.00    0.00    0.84    0.00    0.00   30.81    0.00    0.00    0.00   68.35
16:27:40       0    0.00    0.00    0.00    0.00    0.00  100.00    0.00    0.00    0.00    0.00
16:27:40       1    0.00    0.00    1.16    0.00    0.00    4.65    0.00    0.00    0.00   94.19
16:27:40       2    0.00    0.00    2.33    0.00    0.00    3.49    0.00    0.00    0.00   94.19
16:27:40       3    0.00    0.00    0.00    0.00    0.00    3.53    0.00    0.00    0.00   96.47

16:27:40     CPU    %usr   %nice    %sys %iowait    %irq   %soft  %steal  %guest  %gnice   %idle
16:27:41     all    0.00    0.00    0.00    0.00    0.00   32.50    0.00    0.00    0.00   67.50
16:27:41       0    0.00    0.00    0.00    0.00    0.00  100.00    0.00    0.00    0.00    0.00
16:27:41       1    0.00    0.00    0.00    0.00    0.00    5.81    0.00    0.00    0.00   94.19
16:27:41       2    0.00    0.00    0.00    0.00    0.00    6.90    0.00    0.00    0.00   93.10
16:27:41       3    0.00    0.00    0.00    0.00    0.00    6.90    0.00    0.00    0.00   93.10

16:27:41     CPU    %usr   %nice    %sys %iowait    %irq   %soft  %steal  %guest  %gnice   %idle
16:27:42     all    0.00    0.00    0.27    0.00    0.00   32.88    0.00    0.00    0.00   66.85
16:27:42       0    0.00    0.00    0.00    0.00    0.00  100.00    0.00    0.00    0.00    0.00
16:27:42       1    0.00    0.00    0.00    0.00    0.00    6.82    0.00    0.00    0.00   93.18
16:27:42       2    0.00    0.00    1.12    0.00    0.00    7.87    0.00    0.00    0.00   91.01
16:27:42       3    0.00    0.00    0.00    0.00    0.00    7.95    0.00    0.00    0.00   92.05

16:27:42     CPU    %usr   %nice    %sys %iowait    %irq   %soft  %steal  %guest  %gnice   %idle
16:27:43     all    0.00    0.00    0.55    0.28    0.00   31.77    0.00    0.00    0.00   67.40
16:27:43       0    0.00    0.00    0.00    0.00    0.00  100.00    0.00    0.00    0.00    0.00
16:27:43       1    0.00    0.00    0.00    0.00    0.00    4.65    0.00    0.00    0.00   95.35
16:27:43       2    0.00    0.00    1.16    0.00    0.00    4.65    0.00    0.00    0.00   94.19
16:27:43       3    0.00    0.00    1.11    1.11    0.00    7.78    0.00    0.00    0.00   90.00

16:27:43     CPU    %usr   %nice    %sys %iowait    %irq   %soft  %steal  %guest  %gnice   %idle
16:27:44     all    0.00    0.00    0.29    0.00    0.00   30.09    0.00    0.00    0.00   69.63
16:27:44       0    0.00    0.00    0.00    0.00    0.00   28.74    0.00    0.00    0.00   71.26
16:27:44       1    0.00    0.00    0.00    0.00    0.00    5.95    0.00    0.00    0.00   94.05
16:27:44       2    0.00    0.00    0.00    0.00    0.00   75.53    0.00    0.00    0.00   24.47
16:27:44       3    0.00    0.00    1.19    0.00    0.00    4.76    0.00    0.00    0.00   94.05

16:27:44     CPU    %usr   %nice    %sys %iowait    %irq   %soft  %steal  %guest  %gnice   %idle
16:27:45     all    0.00    0.00    0.56    0.00    0.00   31.09    0.00    0.00    0.00   68.35
16:27:45       0    0.00    0.00    1.15    0.00    0.00    5.75    0.00    0.00    0.00   93.10
16:27:45       1    0.00    0.00    0.00    0.00    0.00    3.53    0.00    0.00    0.00   96.47
16:27:45       2    0.00    0.00    0.00    0.00    0.00  100.00    0.00    0.00    0.00    0.00
16:27:45       3    0.00    0.00    1.18    0.00    0.00    3.53    0.00    0.00    0.00   95.29

16:27:45     CPU    %usr   %nice    %sys %iowait    %irq   %soft  %steal  %guest  %gnice   %idle
16:27:46     all    0.00    0.00    0.68    0.00    0.00    7.53    0.00    0.00    0.00   91.78
16:27:46       0    0.00    0.00    1.35    0.00    0.00    5.41    0.00    0.00    0.00   93.24
16:27:46       1    0.00    0.00    0.00    0.00    0.00   12.50    0.00    0.00    0.00   87.50
16:27:46       2    0.00    0.00    0.00    0.00    0.00    9.46    0.00    0.00    0.00   90.54
16:27:46       3    0.00    0.00    1.39    0.00    0.00    2.78    0.00    0.00    0.00   95.83

16:27:46     CPU    %usr   %nice    %sys %iowait    %irq   %soft  %steal  %guest  %gnice   %idle
16:27:47     all    0.00    0.00    0.56    0.00    0.00   31.94    0.00    0.00    0.00   67.50
16:27:47       0    0.00    0.00    0.00    0.00    0.00    6.90    0.00    0.00    0.00   93.10
16:27:47       1    0.00    0.00    0.00    0.00    0.00  100.00    0.00    0.00    0.00    0.00
16:27:47       2    0.00    0.00    1.15    0.00    0.00    5.75    0.00    0.00    0.00   93.10
16:27:47       3    0.00    0.00    1.16    0.00    0.00    4.65    0.00    0.00    0.00   94.19

16:27:47     CPU    %usr   %nice    %sys %iowait    %irq   %soft  %steal  %guest  %gnice   %idle
16:27:48     all    0.00    0.00    0.60    0.00    0.00   26.87    0.00    0.00    0.00   72.54
16:27:48       0    0.00    0.00    1.23    0.00    0.00    4.94    0.00    0.00    0.00   93.83
16:27:48       1    0.00    0.00    0.00    0.00    0.00   84.62    0.00    0.00    0.00   15.38
16:27:48       2    0.00    0.00    0.00    0.00    0.00    4.94    0.00    0.00    0.00   95.06
16:27:48       3    0.00    0.00    1.22    0.00    0.00    6.10    0.00    0.00    0.00   92.68

16:27:48     CPU    %usr   %nice    %sys %iowait    %irq   %soft  %steal  %guest  %gnice   %idle
16:27:49     all    0.00    0.00    0.27    0.27    0.00   32.97    0.00    0.00    0.00   66.48
16:27:49       0    0.00    0.00    1.10    0.00    0.00    9.89    0.00    0.00    0.00   89.01
16:27:49       1    0.00    0.00    0.00    0.00    0.00  100.00    0.00    0.00    0.00    0.00
16:27:49       2    0.00    0.00    0.00    1.18    0.00    4.71    0.00    0.00    0.00   94.12
16:27:49       3    0.00    0.00    0.00    0.00    0.00    7.95    0.00    0.00    0.00   92.05

16:27:49     CPU    %usr   %nice    %sys %iowait    %irq   %soft  %steal  %guest  %gnice   %idle
16:27:50     all    0.00    0.00    0.83    0.00    0.00   31.96    0.00    0.00    0.00   67.22
16:27:50       0    0.00    0.00    1.14    0.00    0.00    6.82    0.00    0.00    0.00   92.05
16:27:50       1    0.00    0.00    0.00    0.00    0.00  100.00    0.00    0.00    0.00    0.00
16:27:50       2    0.00    0.00    1.16    0.00    0.00    4.65    0.00    0.00    0.00   94.19
16:27:50       3    0.00    0.00    1.12    0.00    0.00    6.74    0.00    0.00    0.00   92.13

16:27:50     CPU    %usr   %nice    %sys %iowait    %irq   %soft  %steal  %guest  %gnice   %idle
16:27:51     all    0.00    0.00    0.28    0.00    0.00   30.79    0.00    0.00    0.00   68.93
16:27:51       0    0.00    0.00    1.18    0.00    0.00    2.35    0.00    0.00    0.00   96.47
16:27:51       1    0.00    0.00    0.00    0.00    0.00  100.00    0.00    0.00    0.00    0.00
16:27:51       2    0.00    0.00    0.00    0.00    0.00    3.57    0.00    0.00    0.00   96.43
16:27:51       3    0.00    0.00    0.00    0.00    0.00    4.71    0.00    0.00    0.00   95.29

16:27:51     CPU    %usr   %nice    %sys %iowait    %irq   %soft  %steal  %guest  %gnice   %idle
16:27:52     all    0.00    0.00    0.28    0.00    0.00   31.48    0.00    0.00    0.00   68.25
16:27:52       0    0.00    0.00    0.00    0.00    0.00    5.75    0.00    0.00    0.00   94.25
16:27:52       1    0.00    0.00    0.00    0.00    0.00  100.00    0.00    0.00    0.00    0.00
16:27:52       2    0.00    0.00    0.00    0.00    0.00    5.81    0.00    0.00    0.00   94.19
16:27:52       3    0.00    0.00    1.16    0.00    0.00    3.49    0.00    0.00    0.00   95.35

16:27:52     CPU    %usr   %nice    %sys %iowait    %irq   %soft  %steal  %guest  %gnice   %idle
16:27:53     all    0.00    0.00    0.56    0.00    0.00   31.94    0.00    0.00    0.00   67.50
16:27:53       0    0.00    0.00    0.00    0.00    0.00    2.41    0.00    0.00    0.00   97.59
16:27:53       1    0.00    0.00    0.00    0.00    0.00  100.00    0.00    0.00    0.00    0.00
16:27:53       2    0.00    0.00    1.12    0.00    0.00    7.87    0.00    0.00    0.00   91.01
16:27:53       3    0.00    0.00    1.14    0.00    0.00    6.82    0.00    0.00    0.00   92.05

16:27:53     CPU    %usr   %nice    %sys %iowait    %irq   %soft  %steal  %guest  %gnice   %idle
16:27:54     all    0.00    0.00    0.56    0.00    0.00   31.28    0.00    0.00    0.00   68.16
16:27:54       0    0.00    0.00    0.00    0.00    0.00    5.81    0.00    0.00    0.00   94.19
16:27:54       1    0.00    0.00    0.00    0.00    0.00  100.00    0.00    0.00    0.00    0.00
16:27:54       2    0.00    0.00    1.16    0.00    0.00    4.65    0.00    0.00    0.00   94.19
16:27:54       3    0.00    0.00    1.16    0.00    0.00    3.49    0.00    0.00    0.00   95.35

16:27:54     CPU    %usr   %nice    %sys %iowait    %irq   %soft  %steal  %guest  %gnice   %idle
16:27:55     all    0.00    0.00    0.83    0.28    0.00   31.39    0.00    0.00    0.00   67.50
16:27:55       0    0.00    0.00    1.14    0.00    0.00    5.68    0.00    0.00    0.00   93.18
16:27:55       1    0.00    0.00    0.00    0.00    0.00  100.00    0.00    0.00    0.00    0.00
16:27:55       2    0.00    0.00    0.00    1.19    0.00    3.57    0.00    0.00    0.00   95.24
16:27:55       3    0.00    0.00    2.27    0.00    0.00    5.68    0.00    0.00    0.00   92.05

16:27:55     CPU    %usr   %nice    %sys %iowait    %irq   %soft  %steal  %guest  %gnice   %idle
16:27:56     all    0.00    0.00    0.56    0.00    0.00   31.46    0.00    0.00    0.00   67.98
16:27:56       0    0.00    0.00    0.00    0.00    0.00    4.71    0.00    0.00    0.00   95.29
16:27:56       1    0.00    0.00    0.00    0.00    0.00  100.00    0.00    0.00    0.00    0.00
16:27:56       2    0.00    0.00    0.00    0.00    0.00    5.88    0.00    0.00    0.00   94.12
16:27:56       3    0.00    0.00    2.33    0.00    0.00    3.49    0.00    0.00    0.00   94.19

16:27:56     CPU    %usr   %nice    %sys %iowait    %irq   %soft  %steal  %guest  %gnice   %idle
16:27:57     all    0.00    0.00    0.64    0.00    0.00   18.21    0.00    0.00    0.00   81.15
16:27:57       0    0.00    0.00    0.00    0.00    0.00    3.95    0.00    0.00    0.00   96.05
16:27:57       1    0.00    0.00    1.20    0.00    0.00   57.83    0.00    0.00    0.00   40.96
16:27:57       2    0.00    0.00    1.30    0.00    0.00    2.60    0.00    0.00    0.00   96.10
16:27:57       3    0.00    0.00    0.00    0.00    0.00    5.19    0.00    0.00    0.00   94.81

16:27:57     CPU    %usr   %nice    %sys %iowait    %irq   %soft  %steal  %guest  %gnice   %idle
16:27:58     all    0.00    0.00    0.55    0.00    0.00   32.42    0.00    0.00    0.00   67.03
16:27:58       0    0.00    0.00    0.00    0.00    0.00    5.81    0.00    0.00    0.00   94.19
16:27:58       1    0.00    0.00    0.00    0.00    0.00  100.00    0.00    0.00    0.00    0.00
16:27:58       2    0.00    0.00    1.14    0.00    0.00    6.82    0.00    0.00    0.00   92.05
16:27:58       3    0.00    0.00    1.11    0.00    0.00    7.78    0.00    0.00    0.00   91.11

16:27:58     CPU    %usr   %nice    %sys %iowait    %irq   %soft  %steal  %guest  %gnice   %idle
16:27:59     all    0.00    0.00    0.28    0.00    0.00   32.22    0.00    0.00    0.00   67.50
16:27:59       0    0.00    0.00    1.15    0.00    0.00    5.75    0.00    0.00    0.00   93.10
16:27:59       1    0.00    0.00    0.00    0.00    0.00  100.00    0.00    0.00    0.00    0.00
16:27:59       2    0.00    0.00    0.00    0.00    0.00    3.57    0.00    0.00    0.00   96.43
16:27:59       3    0.00    0.00    0.00    0.00    0.00    8.99    0.00    0.00    0.00   91.01

16:27:59     CPU    %usr   %nice    %sys %iowait    %irq   %soft  %steal  %guest  %gnice   %idle
16:28:00     all    0.28    0.00    0.84    0.00    0.00   30.53    0.00    0.00    0.00   68.35
16:28:00       0    0.00    0.00    1.19    0.00    0.00    2.38    0.00    0.00    0.00   96.43
16:28:00       1    0.00    0.00    0.00    0.00    0.00  100.00    0.00    0.00    0.00    0.00
16:28:00       2    0.00    0.00    1.16    0.00    0.00    3.49    0.00    0.00    0.00   95.35
16:28:00       3    1.15    0.00    1.15    0.00    0.00    4.60    0.00    0.00    0.00   93.10

16:28:00     CPU    %usr   %nice    %sys %iowait    %irq   %soft  %steal  %guest  %gnice   %idle
16:28:01     all    0.00    0.00    0.83    0.28    0.00   31.49    0.00    0.00    0.00   67.40
16:28:01       0    0.00    0.00    1.15    0.00    0.00    4.60    0.00    0.00    0.00   94.25
16:28:01       1    0.00    0.00    0.00    0.00    0.00  100.00    0.00    0.00    0.00    0.00
16:28:01       2    0.00    0.00    1.14    1.14    0.00    6.82    0.00    0.00    0.00   90.91
16:28:01       3    0.00    0.00    1.15    0.00    0.00    4.60    0.00    0.00    0.00   94.25

16:28:01     CPU    %usr   %nice    %sys %iowait    %irq   %soft  %steal  %guest  %gnice   %idle
16:28:02     all    0.00    0.00    0.28    0.00    0.00   32.31    0.00    0.00    0.00   67.41
16:28:02       0    0.00    0.00    1.18    0.00    0.00    3.53    0.00    0.00    0.00   95.29
16:28:02       1    0.00    0.00    0.00    0.00    0.00  100.00    0.00    0.00    0.00    0.00
16:28:02       2    0.00    0.00    0.00    0.00    0.00    9.09    0.00    0.00    0.00   90.91
16:28:02       3    0.00    0.00    0.00    0.00    0.00    5.81    0.00    0.00    0.00   94.19

16:28:02     CPU    %usr   %nice    %sys %iowait    %irq   %soft  %steal  %guest  %gnice   %idle
16:28:03     all    0.00    0.00    0.56    0.00    0.00   31.18    0.00    0.00    0.00   68.26
16:28:03       0    0.00    0.00    0.00    0.00    0.00    6.90    0.00    0.00    0.00   93.10
16:28:03       1    0.00    0.00    0.00    0.00    0.00  100.00    0.00    0.00    0.00    0.00
16:28:03       2    0.00    0.00    1.18    0.00    0.00    3.53    0.00    0.00    0.00   95.29
16:28:03       3    0.00    0.00    1.19    0.00    0.00    2.38    0.00    0.00    0.00   96.43

16:28:03     CPU    %usr   %nice    %sys %iowait    %irq   %soft  %steal  %guest  %gnice   %idle
16:28:04     all    0.27    0.00    0.55    0.00    0.00   32.42    0.00    0.00    0.00   66.76
16:28:04       0    0.00    0.00    1.14    0.00    0.00    6.82    0.00    0.00    0.00   92.05
16:28:04       1    0.00    0.00    0.00    0.00    0.00  100.00    0.00    0.00    0.00    0.00
16:28:04       2    0.00    0.00    1.12    0.00    0.00    7.87    0.00    0.00    0.00   91.01
16:28:04       3    1.15    0.00    0.00    0.00    0.00    5.75    0.00    0.00    0.00   93.10

Average:     CPU    %usr   %nice    %sys %iowait    %irq   %soft  %steal  %guest  %gnice   %idle
Average:     all    0.02    0.00    0.56    0.04    0.00   30.98    0.00    0.00    0.00   68.40
Average:       0    0.00    0.00    0.54    0.00    0.00   33.28    0.00    0.00    0.00   66.18
Average:       1    0.04    0.00    0.40    0.05    0.00   47.77    0.00    0.00    0.00   51.73
Average:       2    0.00    0.00    0.61    0.06    0.00   19.01    0.00    0.00    0.00   80.32
Average:       3    0.06    0.00    0.68    0.06    0.00   23.14    0.00    0.00    0.00   76.06
