Linux 6.12.47+rpt-rpi-v8 (host1) 	09/12/25 	_aarch64_	(4 CPU)

13:55:59     CPU    %usr   %nice    %sys %iowait    %irq   %soft  %steal  %guest  %gnice   %idle
13:56:00     all   16.09    0.00   28.42    0.00    0.00   27.88    0.00    0.00    0.00   27.61
13:56:00       0   19.78    0.00   39.56    0.00    0.00    2.20    0.00    0.00    0.00   38.46
13:56:00       1   22.22    0.00   40.00    0.00    0.00    0.00    0.00    0.00    0.00   37.78
13:56:00       2    0.00    0.00    0.00    0.00    0.00  100.00    0.00    0.00    0.00    0.00
13:56:00       3   23.91    0.00   36.96    0.00    0.00    2.17    0.00    0.00    0.00   36.96

13:56:00     CPU    %usr   %nice    %sys %iowait    %irq   %soft  %steal  %guest  %gnice   %idle
13:56:01     all   13.67    0.00   28.15    0.00    0.00   27.88    0.00    0.00    0.00   30.29
13:56:01       0   19.57    0.00   38.04    0.00    0.00    2.17    0.00    0.00    0.00   40.22
13:56:01       1   20.88    0.00   36.26    0.00    0.00    1.10    0.00    0.00    0.00   41.76
13:56:01       2   15.56    0.00   41.11    0.00    0.00    1.11    0.00    0.00    0.00   42.22
13:56:01       3    0.00    0.00    0.00    0.00    0.00  100.00    0.00    0.00    0.00    0.00

13:56:01     CPU    %usr   %nice    %sys %iowait    %irq   %soft  %steal  %guest  %gnice   %idle
13:56:02     all   14.13    0.00   27.17    0.00    0.00   27.99    0.00    0.00    0.00   30.71
13:56:02       0   17.58    0.00   38.46    0.00    0.00    2.20    0.00    0.00    0.00   41.76
13:56:02       1   19.10    0.00   38.20    0.00    0.00    1.12    0.00    0.00    0.00   41.57
13:56:02       2   21.59    0.00   35.23    0.00    0.00    0.00    0.00    0.00    0.00   43.18
13:56:02       3    0.00    0.00    0.00    0.00    0.00  100.00    0.00    0.00    0.00    0.00

13:56:02     CPU    %usr   %nice    %sys %iowait    %irq   %soft  %steal  %guest  %gnice   %idle
13:56:03     all   13.53    0.00   28.91    0.00    0.00   27.59    0.00    0.00    0.00   29.97
13:56:03       0   17.39    0.00   42.39    0.00    0.00    0.00    0.00    0.00    0.00   40.22
13:56:03       1   17.39    0.00   40.22    0.00    0.00    1.09    0.00    0.00    0.00   41.30
13:56:03       2   20.43    0.00   35.48    0.00    0.00    3.23    0.00    0.00    0.00   40.86
13:56:03       3    0.00    0.00    0.00    0.00    0.00  100.00    0.00    0.00    0.00    0.00

13:56:03     CPU    %usr   %nice    %sys %iowait    %irq   %soft  %steal  %guest  %gnice   %idle
13:56:04     all   13.07    0.00   28.53    0.53    0.00   28.27    0.00    0.00    0.00   29.60
13:56:04       0   12.37    0.00   26.80    2.06    0.00   31.96    0.00    0.00    0.00   26.80
13:56:04       1   17.98    0.00   38.20    0.00    0.00    1.12    0.00    0.00    0.00   42.70
13:56:04       2   13.83    0.00   34.04    0.00    0.00   22.34    0.00    0.00    0.00   29.79
13:56:04       3    8.42    0.00   15.79    0.00    0.00   55.79    0.00    0.00    0.00   20.00

13:56:04     CPU    %usr   %nice    %sys %iowait    %irq   %soft  %steal  %guest  %gnice   %idle
13:56:05     all   25.92    0.00   31.15    0.00    0.00   27.49    0.00    0.00    0.00   15.45
13:56:05       0   25.81    0.00   31.18    0.00    0.00   26.88    0.00    0.00    0.00   16.13
13:56:05       1    7.14    0.00   11.22    0.00    0.00   74.49    0.00    0.00    0.00    7.14
13:56:05       2   40.62    0.00   39.58    0.00    0.00    4.17    0.00    0.00    0.00   15.62
13:56:05       3   30.53    0.00   43.16    0.00    0.00    3.16    0.00    0.00    0.00   23.16

13:56:05     CPU    %usr   %nice    %sys %iowait    %irq   %soft  %steal  %guest  %gnice   %idle
13:56:06     all   14.17    0.00   27.81    0.00    0.00   27.54    0.00    0.00    0.00   30.48
13:56:06       0    9.28    0.00   18.56    0.00    0.00   49.48    0.00    0.00    0.00   22.68
13:56:06       1    9.38    0.00   17.71    0.00    0.00   56.25    0.00    0.00    0.00   16.67
13:56:06       2   20.45    0.00   35.23    0.00    0.00    1.14    0.00    0.00    0.00   43.18
13:56:06       3   18.28    0.00   40.86    0.00    0.00    0.00    0.00    0.00    0.00   40.86

13:56:06     CPU    %usr   %nice    %sys %iowait    %irq   %soft  %steal  %guest  %gnice   %idle
13:56:07     all   12.73    0.00   29.44    0.00    0.00   28.12    0.00    0.00    0.00   29.71
13:56:07       0    0.00    0.00    0.00    0.00    0.00  100.00    0.00    0.00    0.00    0.00
13:56:07       1   19.35    0.00   39.78    0.00    0.00    1.08    0.00    0.00    0.00   39.78
13:56:07       2   18.48    0.00   39.13    0.00    0.00    2.17    0.00    0.00    0.00   40.22
13:56:07       3   13.98    0.00   40.86    0.00    0.00    4.30    0.00    0.00    0.00   40.86

13:56:07     CPU    %usr   %nice    %sys %iowait    %irq   %soft  %steal  %guest  %gnice   %idle
13:56:08     all   12.50    0.00   28.53    0.00    0.00   27.99    0.00    0.00    0.00   30.98
13:56:08       0    0.00    0.00    0.00    0.00    0.00  100.00    0.00    0.00    0.00    0.00
13:56:08       1   16.09    0.00   37.93    0.00    0.00    2.30    0.00    0.00    0.00   43.68
13:56:08       2   17.98    0.00   38.20    0.00    0.00    1.12    0.00    0.00    0.00   42.70
13:56:08       3   17.39    0.00   41.30    0.00    0.00    0.00    0.00    0.00    0.00   41.30

13:56:08     CPU    %usr   %nice    %sys %iowait    %irq   %soft  %steal  %guest  %gnice   %idle
13:56:09     all   14.78    0.00   27.97    0.00    0.00   27.18    0.00    0.00    0.00   30.08
13:56:09       0    0.98    0.00    1.96    0.00    0.00   97.06    0.00    0.00    0.00    0.00
13:56:09       1   20.88    0.00   35.16    0.00    0.00    2.20    0.00    0.00    0.00   41.76
13:56:09       2   18.95    0.00   38.95    0.00    0.00    2.11    0.00    0.00    0.00   40.00
13:56:09       3   19.78    0.00   38.46    0.00    0.00    0.00    0.00    0.00    0.00   41.76

13:56:09     CPU    %usr   %nice    %sys %iowait    %irq   %soft  %steal  %guest  %gnice   %idle
13:56:10     all   14.40    0.00   31.52    0.00    0.00   27.45    0.00    0.00    0.00   26.63
13:56:10       0    0.00    0.00    0.00    0.00    0.00  100.00    0.00    0.00    0.00    0.00
13:56:10       1   23.33    0.00   38.89    0.00    0.00    1.11    0.00    0.00    0.00   36.67
13:56:10       2   14.77    0.00   47.73    0.00    0.00    0.00    0.00    0.00    0.00   37.50
13:56:10       3   20.88    0.00   42.86    0.00    0.00    1.10    0.00    0.00    0.00   35.16

13:56:10     CPU    %usr   %nice    %sys %iowait    %irq   %soft  %steal  %guest  %gnice   %idle
13:56:11     all   20.41    0.00   32.82    0.00    0.00   26.87    0.00    0.00    0.00   19.90
13:56:11       0   15.96    0.00   28.72    0.00    0.00   34.04    0.00    0.00    0.00   21.28
13:56:11       1   27.84    0.00   46.39    0.00    0.00    1.03    0.00    0.00    0.00   24.74
13:56:11       2   27.08    0.00   43.75    0.00    0.00    1.04    0.00    0.00    0.00   28.12
13:56:11       3   11.00    0.00   13.00    0.00    0.00   70.00    0.00    0.00    0.00    6.00

13:56:11     CPU    %usr   %nice    %sys %iowait    %irq   %soft  %steal  %guest  %gnice   %idle
13:56:12     all   13.24    0.00   28.65    0.00    0.00   27.57    0.00    0.00    0.00   30.54
13:56:12       0    8.42    0.00   15.79    0.00    0.00   54.74    0.00    0.00    0.00   21.05
13:56:12       1   20.43    0.00   37.63    0.00    0.00    1.08    0.00    0.00    0.00   40.86
13:56:12       2   14.94    0.00   42.53    0.00    0.00    0.00    0.00    0.00    0.00   42.53
13:56:12       3    9.47    0.00   20.00    0.00    0.00   51.58    0.00    0.00    0.00   18.95

13:56:12     CPU    %usr   %nice    %sys %iowait    %irq   %soft  %steal  %guest  %gnice   %idle
13:56:13     all   13.79    0.00   28.38    0.00    0.00   27.59    0.00    0.00    0.00   30.24
13:56:13       0    0.00    0.00    0.00    0.00    0.00  100.00    0.00    0.00    0.00    0.00
13:56:13       1   17.39    0.00   42.39    0.00    0.00    1.09    0.00    0.00    0.00   39.13
13:56:13       2   20.65    0.00   35.87    0.00    0.00    1.09    0.00    0.00    0.00   42.39
13:56:13       3   18.28    0.00   37.63    0.00    0.00    2.15    0.00    0.00    0.00   41.94

13:56:13     CPU    %usr   %nice    %sys %iowait    %irq   %soft  %steal  %guest  %gnice   %idle
13:56:14     all   12.53    0.00   28.34    0.00    0.00   28.34    0.00    0.00    0.00   30.79
13:56:14       0    0.00    0.00    0.00    0.00    0.00  100.00    0.00    0.00    0.00    0.00
13:56:14       1   15.56    0.00   42.22    0.00    0.00    0.00    0.00    0.00    0.00   42.22
13:56:14       2   15.91    0.00   39.77    0.00    0.00    2.27    0.00    0.00    0.00   42.05
13:56:14       3   20.45    0.00   35.23    0.00    0.00    1.14    0.00    0.00    0.00   43.18

13:56:14     CPU    %usr   %nice    %sys %iowait    %irq   %soft  %steal  %guest  %gnice   %idle
13:56:15     all   15.87    0.00   26.98    0.00    0.00   27.51    0.00    0.00    0.00   29.63
13:56:15       0   13.83    0.00   20.21    0.00    0.00   42.55    0.00    0.00    0.00   23.40
13:56:15       1   25.00    0.00   33.33    0.00    0.00    2.08    0.00    0.00    0.00   39.58
13:56:15       2   17.02    0.00   41.49    0.00    0.00    2.13    0.00    0.00    0.00   39.36
13:56:15       3    7.45    0.00   12.77    0.00    0.00   63.83    0.00    0.00    0.00   15.96

13:56:15     CPU    %usr   %nice    %sys %iowait    %irq   %soft  %steal  %guest  %gnice   %idle
13:56:16     all   15.09    0.00   33.69    0.00    0.00   28.57    0.00    0.00    0.00   22.64
13:56:16       0   24.18    0.00   45.05    0.00    0.00    3.30    0.00    0.00    0.00   27.47
13:56:16       1   20.22    0.00   46.07    0.00    0.00    1.12    0.00    0.00    0.00   32.58
13:56:16       2   16.48    0.00   40.66    0.00    0.00    9.89    0.00    0.00    0.00   32.97
13:56:16       3    1.00    0.00    6.00    0.00    0.00   93.00    0.00    0.00    0.00    0.00

13:56:16     CPU    %usr   %nice    %sys %iowait    %irq   %soft  %steal  %guest  %gnice   %idle
13:56:17     all   20.95    0.00   28.12    0.00    0.00   27.85    0.00    0.00    0.00   23.08
13:56:17       0    9.90    0.00    1.98    0.00    0.00   88.12    0.00    0.00    0.00    0.00
13:56:17       1   25.81    0.00   41.94    0.00    0.00    2.15    0.00    0.00    0.00   30.11
13:56:17       2   21.74    0.00   33.70    0.00    0.00   14.13    0.00    0.00    0.00   30.43
13:56:17       3   27.47    0.00   37.36    0.00    0.00    1.10    0.00    0.00    0.00   34.07

13:56:17     CPU    %usr   %nice    %sys %iowait    %irq   %soft  %steal  %guest  %gnice   %idle
13:56:18     all   14.56    0.00   26.37    0.00    0.00   28.02    0.00    0.00    0.00   31.04
13:56:18       0    2.02    0.00    5.05    0.00    0.00   86.87    0.00    0.00    0.00    6.06
13:56:18       1   18.39    0.00   29.89    0.00    0.00   13.79    0.00    0.00    0.00   37.93
13:56:18       2   20.22    0.00   35.96    0.00    0.00    2.25    0.00    0.00    0.00   41.57
13:56:18       3   19.10    0.00   37.08    0.00    0.00    2.25    0.00    0.00    0.00   41.57

13:56:18     CPU    %usr   %nice    %sys %iowait    %irq   %soft  %steal  %guest  %gnice   %idle
13:56:19     all   12.90    0.00   29.57    0.00    0.00   27.42    0.00    0.00    0.00   30.11
13:56:19       0   19.78    0.00   36.26    0.00    0.00    3.30    0.00    0.00    0.00   40.66
13:56:19       1    0.00    0.00    1.00    0.00    0.00   99.00    0.00    0.00    0.00    0.00
13:56:19       2   17.58    0.00   41.76    0.00    0.00    0.00    0.00    0.00    0.00   40.66
13:56:19       3   15.56    0.00   42.22    0.00    0.00    0.00    0.00    0.00    0.00   42.22

13:56:19     CPU    %usr   %nice    %sys %iowait    %irq   %soft  %steal  %guest  %gnice   %idle
13:56:20     all   13.04    0.00   27.99    0.00    0.00   28.26    0.00    0.00    0.00   30.71
13:56:20       0   20.22    0.00   35.96    0.00    0.00    1.12    0.00    0.00    0.00   42.70
13:56:20       1    0.00    0.00    0.00    0.00    0.00  100.00    0.00    0.00    0.00    0.00
13:56:20       2   16.28    0.00   39.53    0.00    0.00    1.16    0.00    0.00    0.00   43.02
13:56:20       3   17.20    0.00   39.78    0.00    0.00    2.15    0.00    0.00    0.00   40.86

13:56:20     CPU    %usr   %nice    %sys %iowait    %irq   %soft  %steal  %guest  %gnice   %idle
13:56:21     all   13.01    0.00   27.37    0.00    0.00   28.73    0.00    0.00    0.00   30.89
13:56:21       0   16.85    0.00   39.33    0.00    0.00    2.25    0.00    0.00    0.00   41.57
13:56:21       1    5.15    0.00   13.40    0.00    0.00   68.04    0.00    0.00    0.00   13.40
13:56:21       2   12.50    0.00   21.88    0.00    0.00   38.54    0.00    0.00    0.00   27.08
13:56:21       3   18.39    0.00   36.78    0.00    0.00    1.15    0.00    0.00    0.00   43.68

13:56:21     CPU    %usr   %nice    %sys %iowait    %irq   %soft  %steal  %guest  %gnice   %idle
13:56:22     all   23.81    0.00   31.48    0.00    0.00   27.25    0.00    0.00    0.00   17.46
13:56:22       0   37.23    0.00   41.49    0.00    0.00    0.00    0.00    0.00    0.00   21.28
13:56:22       1   26.09    0.00   45.65    0.00    0.00    2.17    0.00    0.00    0.00   26.09
13:56:22       2    0.00    0.00    1.00    0.00    0.00   99.00    0.00    0.00    0.00    0.00
13:56:22       3   33.70    0.00   40.22    0.00    0.00    2.17    0.00    0.00    0.00   23.91

13:56:22     CPU    %usr   %nice    %sys %iowait    %irq   %soft  %steal  %guest  %gnice   %idle
13:56:23     all   14.71    0.00   28.88    0.00    0.00   27.54    0.00    0.00    0.00   28.88
13:56:23       0   16.67    0.00   25.00    0.00    0.00   31.25    0.00    0.00    0.00   27.08
13:56:23       1   18.68    0.00   39.56    0.00    0.00    1.10    0.00    0.00    0.00   40.66
13:56:23       2    6.19    0.00   11.34    0.00    0.00   73.20    0.00    0.00    0.00    9.28
13:56:23       3   17.78    0.00   41.11    0.00    0.00    1.11    0.00    0.00    0.00   40.00

13:56:23     CPU    %usr   %nice    %sys %iowait    %irq   %soft  %steal  %guest  %gnice   %idle
13:56:24     all   15.14    0.00   26.22    0.27    0.00   27.84    0.00    0.00    0.00   30.54
13:56:24       0    0.00    0.00    0.00    0.00    0.00  100.00    0.00    0.00    0.00    0.00
13:56:24       1   21.74    0.00   34.78    0.00    0.00    2.17    0.00    0.00    0.00   41.30
13:56:24       2   21.59    0.00   35.23    0.00    0.00    1.14    0.00    0.00    0.00   42.05
13:56:24       3   18.68    0.00   37.36    1.10    0.00    1.10    0.00    0.00    0.00   41.76

13:56:24     CPU    %usr   %nice    %sys %iowait    %irq   %soft  %steal  %guest  %gnice   %idle
13:56:25     all   13.28    0.00   27.64    0.00    0.00   28.18    0.00    0.00    0.00   30.89
13:56:25       0    0.00    0.00    0.00    0.00    0.00  100.00    0.00    0.00    0.00    0.00
13:56:25       1   18.89    0.00   38.89    0.00    0.00    1.11    0.00    0.00    0.00   41.11
13:56:25       2   20.22    0.00   34.83    0.00    0.00    1.12    0.00    0.00    0.00   43.82
13:56:25       3   15.56    0.00   40.00    0.00    0.00    2.22    0.00    0.00    0.00   42.22

13:56:25     CPU    %usr   %nice    %sys %iowait    %irq   %soft  %steal  %guest  %gnice   %idle
13:56:26     all   14.17    0.00   27.27    0.00    0.00   28.07    0.00    0.00    0.00   30.48
13:56:26       0    0.00    0.00    0.00    0.00    0.00  100.00    0.00    0.00    0.00    0.00
13:56:26       1   17.78    0.00   38.89    0.00    0.00    1.11    0.00    0.00    0.00   42.22
13:56:26       2   22.83    0.00   33.70    0.00    0.00    2.17    0.00    0.00    0.00   41.30
13:56:26       3   17.39    0.00   39.13    0.00    0.00    2.17    0.00    0.00    0.00   41.30

13:56:26     CPU    %usr   %nice    %sys %iowait    %irq   %soft  %steal  %guest  %gnice   %idle
13:56:27     all   14.29    0.00   28.31    0.00    0.00   27.51    0.00    0.00    0.00   29.89
13:56:27       0    0.00    0.00    0.99    0.00    0.00   99.01    0.00    0.00    0.00    0.00
13:56:27       1   17.89    0.00   41.05    0.00    0.00    1.05    0.00    0.00    0.00   40.00
13:56:27       2   21.98    0.00   35.16    0.00    0.00    1.10    0.00    0.00    0.00   41.76
13:56:27       3   18.68    0.00   38.46    0.00    0.00    2.20    0.00    0.00    0.00   40.66

13:56:27     CPU    %usr   %nice    %sys %iowait    %irq   %soft  %steal  %guest  %gnice   %idle
13:56:28     all   27.15    0.00   30.81    0.00    0.00   26.89    0.00    0.00    0.00   15.14
13:56:28       0   38.54    0.00   39.58    0.00    0.00    7.29    0.00    0.00    0.00   14.58
13:56:28       1   31.58    0.00   38.95    0.00    0.00   12.63    0.00    0.00    0.00   16.84
13:56:28       2    5.10    0.00    3.06    0.00    0.00   84.69    0.00    0.00    0.00    7.14
13:56:28       3   34.04    0.00   42.55    0.00    0.00    1.06    0.00    0.00    0.00   22.34

13:56:28     CPU    %usr   %nice    %sys %iowait    %irq   %soft  %steal  %guest  %gnice   %idle
13:56:29     all   13.51    0.00   28.11    0.00    0.00   27.30    0.00    0.00    0.00   31.08
13:56:29       0   17.05    0.00   39.77    0.00    0.00    0.00    0.00    0.00    0.00   43.18
13:56:29       1    0.00    0.00    0.00    0.00    0.00  100.00    0.00    0.00    0.00    0.00
13:56:29       2   17.78    0.00   37.78    0.00    0.00    1.11    0.00    0.00    0.00   43.33
13:56:29       3   20.65    0.00   38.04    0.00    0.00    0.00    0.00    0.00    0.00   41.30

13:56:29     CPU    %usr   %nice    %sys %iowait    %irq   %soft  %steal  %guest  %gnice   %idle
13:56:30     all   14.68    0.00   25.76    0.00    0.00   27.98    0.00    0.00    0.00   31.58
13:56:30       0   20.69    0.00   34.48    0.00    0.00    1.15    0.00    0.00    0.00   43.68
13:56:30       1    0.00    0.00    0.00    0.00    0.00  100.00    0.00    0.00    0.00    0.00
13:56:30       2   21.84    0.00   33.33    0.00    0.00    1.15    0.00    0.00    0.00   43.68
13:56:30       3   18.18    0.00   38.64    0.00    0.00    0.00    0.00    0.00    0.00   43.18

13:56:30     CPU    %usr   %nice    %sys %iowait    %irq   %soft  %steal  %guest  %gnice   %idle
13:56:31     all   13.82    0.00   27.64    0.00    0.00   27.91    0.00    0.00    0.00   30.62
13:56:31       0   21.35    0.00   35.96    0.00    0.00    1.12    0.00    0.00    0.00   41.57
13:56:31       1    0.00    0.00    0.00    0.00    0.00  100.00    0.00    0.00    0.00    0.00
13:56:31       2   19.10    0.00   37.08    0.00    0.00    1.12    0.00    0.00    0.00   42.70
13:56:31       3   16.48    0.00   40.66    0.00    0.00    1.10    0.00    0.00    0.00   41.76

13:56:31     CPU    %usr   %nice    %sys %iowait    %irq   %soft  %steal  %guest  %gnice   %idle
13:56:32     all   15.53    0.00   25.89    0.00    0.00   27.52    0.00    0.00    0.00   31.06
13:56:32       0   21.35    0.00   34.83    0.00    0.00    1.12    0.00    0.00    0.00   42.70
13:56:32       1   12.90    0.00   21.51    0.00    0.00   39.78    0.00    0.00    0.00   25.81
13:56:32       2    7.22    0.00   13.40    0.00    0.00   64.95    0.00    0.00    0.00   14.43
13:56:32       3   21.59    0.00   35.23    0.00    0.00    0.00    0.00    0.00    0.00   43.18

13:56:32     CPU    %usr   %nice    %sys %iowait    %irq   %soft  %steal  %guest  %gnice   %idle
13:56:33     all   14.52    0.00   28.76    0.00    0.00   27.96    0.00    0.00    0.00   28.76
13:56:33       0   18.68    0.00   41.76    0.00    0.00    1.10    0.00    0.00    0.00   38.46
13:56:33       1   20.69    0.00   37.93    0.00    0.00    1.15    0.00    0.00    0.00   40.23
13:56:33       2    0.00    0.00    0.00    0.00    0.00  100.00    0.00    0.00    0.00    0.00
13:56:33       3   20.21    0.00   38.30    0.00    0.00    2.13    0.00    0.00    0.00   39.36

13:56:33     CPU    %usr   %nice    %sys %iowait    %irq   %soft  %steal  %guest  %gnice   %idle
13:56:34     all   25.46    0.00   29.40    0.00    0.00   27.82    0.00    0.00    0.00   17.32
13:56:34       0   36.84    0.00   37.89    0.00    0.00    4.21    0.00    0.00    0.00   21.05
13:56:34       1   36.56    0.00   37.63    0.00    0.00    2.15    0.00    0.00    0.00   23.66
13:56:34       2    1.00    0.00    1.00    0.00    0.00   98.00    0.00    0.00    0.00    0.00
13:56:34       3   29.03    0.00   43.01    0.00    0.00    2.15    0.00    0.00    0.00   25.81

13:56:34     CPU    %usr   %nice    %sys %iowait    %irq   %soft  %steal  %guest  %gnice   %idle
13:56:35     all   16.13    0.00   25.54    0.00    0.00   28.23    0.00    0.00    0.00   30.11
13:56:35       0   20.88    0.00   34.07    0.00    0.00    3.30    0.00    0.00    0.00   41.76
13:56:35       1   22.83    0.00   34.78    0.00    0.00    2.17    0.00    0.00    0.00   40.22
13:56:35       2    0.00    0.00    0.99    0.00    0.00   99.01    0.00    0.00    0.00    0.00
13:56:35       3   22.73    0.00   35.23    0.00    0.00    0.00    0.00    0.00    0.00   42.05

13:56:35     CPU    %usr   %nice    %sys %iowait    %irq   %soft  %steal  %guest  %gnice   %idle
13:56:36     all   12.63    0.00   29.03    0.00    0.00   27.69    0.00    0.00    0.00   30.65
13:56:36       0   13.19    0.00   43.96    0.00    0.00    1.10    0.00    0.00    0.00   41.76
13:56:36       1   18.89    0.00   36.67    0.00    0.00    1.11    0.00    0.00    0.00   43.33
13:56:36       2    0.00    0.00    0.00    0.00    0.00  100.00    0.00    0.00    0.00    0.00
13:56:36       3   19.78    0.00   38.46    0.00    0.00    1.10    0.00    0.00    0.00   40.66

13:56:36     CPU    %usr   %nice    %sys %iowait    %irq   %soft  %steal  %guest  %gnice   %idle
13:56:37     all   12.57    0.00   28.42    0.00    0.00   27.87    0.00    0.00    0.00   31.15
13:56:37       0   16.67    0.00   36.90    0.00    0.00    1.19    0.00    0.00    0.00   45.24
13:56:37       1   17.58    0.00   39.56    0.00    0.00    1.10    0.00    0.00    0.00   41.76
13:56:37       2    0.00    0.00    0.00    0.00    0.00  100.00    0.00    0.00    0.00    0.00
13:56:37       3   17.39    0.00   40.22    0.00    0.00    1.09    0.00    0.00    0.00   41.30

13:56:37     CPU    %usr   %nice    %sys %iowait    %irq   %soft  %steal  %guest  %gnice   %idle
13:56:38     all   14.78    0.00   27.69    0.00    0.00   27.42    0.00    0.00    0.00   30.11
13:56:38       0   22.58    0.00   35.48    0.00    0.00    1.08    0.00    0.00    0.00   40.86
13:56:38       1   20.00    0.00   37.78    0.00    0.00    1.11    0.00    0.00    0.00   41.11
13:56:38       2    0.00    0.00    0.00    0.00    0.00  100.00    0.00    0.00    0.00    0.00
13:56:38       3   17.98    0.00   40.45    0.00    0.00    0.00    0.00    0.00    0.00   41.57

13:56:38     CPU    %usr   %nice    %sys %iowait    %irq   %soft  %steal  %guest  %gnice   %idle
13:56:39     all   16.93    0.00   32.54    0.26    0.00   27.25    0.00    0.00    0.00   23.02
13:56:39       0   13.98    0.00   27.96    0.00    0.00   30.11    0.00    0.00    0.00   27.96
13:56:39       1   28.26    0.00   42.39    1.09    0.00    1.09    0.00    0.00    0.00   27.17
13:56:39       2    7.00    0.00   14.00    0.00    0.00   73.00    0.00    0.00    0.00    6.00
13:56:39       3   19.35    0.00   47.31    0.00    0.00    1.08    0.00    0.00    0.00   32.26

13:56:39     CPU    %usr   %nice    %sys %iowait    %irq   %soft  %steal  %guest  %gnice   %idle
13:56:40     all   21.45    0.00   27.35    0.00    0.00   27.88    0.00    0.00    0.00   23.32
13:56:40       0    9.47    0.00   18.95    0.00    0.00   56.84    0.00    0.00    0.00   14.74
13:56:40       1   23.16    0.00   26.32    0.00    0.00   32.63    0.00    0.00    0.00   17.89
13:56:40       2   24.18    0.00   28.57    0.00    0.00   17.58    0.00    0.00    0.00   29.67
13:56:40       3   29.35    0.00   35.87    0.00    0.00    3.26    0.00    0.00    0.00   31.52

13:56:40     CPU    %usr   %nice    %sys %iowait    %irq   %soft  %steal  %guest  %gnice   %idle
13:56:41     all   14.71    0.00   28.07    0.00    0.00   27.81    0.00    0.00    0.00   29.41
13:56:41       0    9.28    0.00   13.40    0.00    0.00   61.86    0.00    0.00    0.00   15.46
13:56:41       1   11.70    0.00   19.15    0.00    0.00   44.68    0.00    0.00    0.00   24.47
13:56:41       2   17.58    0.00   42.86    0.00    0.00    0.00    0.00    0.00    0.00   39.56
13:56:41       3   20.65    0.00   38.04    0.00    0.00    2.17    0.00    0.00    0.00   39.13

13:56:41     CPU    %usr   %nice    %sys %iowait    %irq   %soft  %steal  %guest  %gnice   %idle
13:56:42     all   13.86    0.00   26.63    0.00    0.00   28.53    0.00    0.00    0.00   30.98
13:56:42       0    0.00    0.00    0.00    0.00    0.00  100.00    0.00    0.00    0.00    0.00
13:56:42       1   17.98    0.00   37.08    0.00    0.00    2.25    0.00    0.00    0.00   42.70
13:56:42       2   21.11    0.00   35.56    0.00    0.00    1.11    0.00    0.00    0.00   42.22
13:56:42       3   17.98    0.00   37.08    0.00    0.00    2.25    0.00    0.00    0.00   42.70

13:56:42     CPU    %usr   %nice    %sys %iowait    %irq   %soft  %steal  %guest  %gnice   %idle
13:56:43     all   12.77    0.00   28.53    0.00    0.00   27.99    0.00    0.00    0.00   30.71
13:56:43       0    0.00    0.00    0.00    0.00    0.00  100.00    0.00    0.00    0.00    0.00
13:56:43       1   20.00    0.00   36.67    0.00    0.00    2.22    0.00    0.00    0.00   41.11
13:56:43       2   15.91    0.00   40.91    0.00    0.00    1.14    0.00    0.00    0.00   42.05
13:56:43       3   16.48    0.00   39.56    0.00    0.00    1.10    0.00    0.00    0.00   42.86

13:56:43     CPU    %usr   %nice    %sys %iowait    %irq   %soft  %steal  %guest  %gnice   %idle
13:56:44     all   15.45    0.00   24.66    1.08    0.00   28.46    0.00    0.00    0.00   30.35
13:56:44       0    0.00    0.00    0.99    0.00    0.00   99.01    0.00    0.00    0.00    0.00
13:56:44       1   20.69    0.00   33.33    0.00    0.00    1.15    0.00    0.00    0.00   44.83
13:56:44       2   21.74    0.00   34.78    2.17    0.00    1.09    0.00    0.00    0.00   40.22
13:56:44       3   21.35    0.00   32.58    2.25    0.00    3.37    0.00    0.00    0.00   40.45

13:56:44     CPU    %usr   %nice    %sys %iowait    %irq   %soft  %steal  %guest  %gnice   %idle
13:56:45     all   18.95    0.00   35.26    0.00    0.00   28.16    0.00    0.00    0.00   17.63
13:56:45       0   13.13    0.00   13.13    0.00    0.00   71.72    0.00    0.00    0.00    2.02
13:56:45       1   19.79    0.00   33.33    0.00    0.00   28.12    0.00    0.00    0.00   18.75
13:56:45       2   18.48    0.00   45.65    0.00    0.00    8.70    0.00    0.00    0.00   27.17
13:56:45       3   24.73    0.00   50.54    0.00    0.00    1.08    0.00    0.00    0.00   23.66

13:56:45     CPU    %usr   %nice    %sys %iowait    %irq   %soft  %steal  %guest  %gnice   %idle
13:56:46     all   15.86    0.00   28.76    0.00    0.00   28.49    0.00    0.00    0.00   26.88
13:56:46       0   19.78    0.00   38.46    0.00    0.00    3.30    0.00    0.00    0.00   38.46
13:56:46       1    0.00    0.00    0.00    0.00    0.00  100.00    0.00    0.00    0.00    0.00
13:56:46       2   22.22    0.00   38.89    0.00    0.00    2.22    0.00    0.00    0.00   36.67
13:56:46       3   23.08    0.00   40.66    0.00    0.00    1.10    0.00    0.00    0.00   35.16

13:56:46     CPU    %usr   %nice    %sys %iowait    %irq   %soft  %steal  %guest  %gnice   %idle
13:56:47     all   13.82    0.00   26.56    0.00    0.00   28.46    0.00    0.00    0.00   31.17
13:56:47       0   15.56    0.00   38.89    0.00    0.00    3.33    0.00    0.00    0.00   42.22
13:56:47       1    3.03    0.00    5.05    0.00    0.00   89.90    0.00    0.00    0.00    2.02
13:56:47       2   21.74    0.00   33.70    0.00    0.00    3.26    0.00    0.00    0.00   41.30
13:56:47       3   15.91    0.00   30.68    0.00    0.00   11.36    0.00    0.00    0.00   42.05

13:56:47     CPU    %usr   %nice    %sys %iowait    %irq   %soft  %steal  %guest  %gnice   %idle
13:56:48     all   14.64    0.00   26.24    0.00    0.00   28.18    0.00    0.00    0.00   30.94
13:56:48       0   17.05    0.00   39.77    0.00    0.00    1.14    0.00    0.00    0.00   42.05
13:56:48       1   20.69    0.00   35.63    0.00    0.00    1.15    0.00    0.00    0.00   42.53
13:56:48       2   22.99    0.00   33.33    0.00    0.00    0.00    0.00    0.00    0.00   43.68
13:56:48       3    0.00    0.00    0.00    0.00    0.00  100.00    0.00    0.00    0.00    0.00

13:56:48     CPU    %usr   %nice    %sys %iowait    %irq   %soft  %steal  %guest  %gnice   %idle
13:56:49     all   14.17    0.00   28.34    0.27    0.00   27.81    0.00    0.00    0.00   29.41
13:56:49       0    8.25    0.00   16.49    0.00    0.00   56.70    0.00    0.00    0.00   18.56
13:56:49       1   19.78    0.00   38.46    0.00    0.00    2.20    0.00    0.00    0.00   39.56
13:56:49       2   19.57    0.00   39.13    1.09    0.00    1.09    0.00    0.00    0.00   39.13
13:56:49       3    9.57    0.00   20.21    0.00    0.00   48.94    0.00    0.00    0.00   21.28

13:56:49     CPU    %usr   %nice    %sys %iowait    %irq   %soft  %steal  %guest  %gnice   %idle
13:56:50     all   11.14    0.00   29.62    0.00    0.00   28.26    0.00    0.00    0.00   30.98
13:56:50       0    0.00    0.00    0.00    0.00    0.00  100.00    0.00    0.00    0.00    0.00
13:56:50       1   14.94    0.00   39.08    0.00    0.00    2.30    0.00    0.00    0.00   43.68
13:56:50       2   14.94    0.00   39.08    0.00    0.00    2.30    0.00    0.00    0.00   43.68
13:56:50       3   15.79    0.00   43.16    0.00    0.00    1.05    0.00    0.00    0.00   40.00

13:56:50     CPU    %usr   %nice    %sys %iowait    %irq   %soft  %steal  %guest  %gnice   %idle
13:56:51     all   24.74    0.00   32.63    0.00    0.00   26.32    0.00    0.00    0.00   16.32
13:56:51       0    0.00    0.00    1.00    0.00    0.00   99.00    0.00    0.00    0.00    0.00
13:56:51       1   39.36    0.00   39.36    0.00    0.00    1.06    0.00    0.00    0.00   20.21
13:56:51       2   29.35    0.00   45.65    0.00    0.00    0.00    0.00    0.00    0.00   25.00
13:56:51       3   31.91    0.00   46.81    0.00    0.00    0.00    0.00    0.00    0.00   21.28

13:56:51     CPU    %usr   %nice    %sys %iowait    %irq   %soft  %steal  %guest  %gnice   %idle
13:56:52     all   12.64    0.00   28.30    0.00    0.00   28.02    0.00    0.00    0.00   31.04
13:56:52       0    0.00    0.00    0.00    0.00    0.00  100.00    0.00    0.00    0.00    0.00
13:56:52       1   17.05    0.00   40.91    0.00    0.00    0.00    0.00    0.00    0.00   42.05
13:56:52       2   16.85    0.00   40.45    0.00    0.00    1.12    0.00    0.00    0.00   41.57
13:56:52       3   18.39    0.00   35.63    0.00    0.00    1.15    0.00    0.00    0.00   44.83

13:56:52     CPU    %usr   %nice    %sys %iowait    %irq   %soft  %steal  %guest  %gnice   %idle
13:56:53     all   13.66    0.00   26.50    0.00    0.00   27.87    0.00    0.00    0.00   31.97
13:56:53       0    0.00    0.00    0.00    0.00    0.00  100.00    0.00    0.00    0.00    0.00
13:56:53       1   15.56    0.00   38.89    0.00    0.00    1.11    0.00    0.00    0.00   44.44
13:56:53       2   20.00    0.00   32.94    0.00    0.00    1.18    0.00    0.00    0.00   45.88
13:56:53       3   20.88    0.00   37.36    0.00    0.00    0.00    0.00    0.00    0.00   41.76

13:56:53     CPU    %usr   %nice    %sys %iowait    %irq   %soft  %steal  %guest  %gnice   %idle
13:56:54     all   14.75    0.00   28.15    0.27    0.00   27.08    0.00    0.00    0.00   29.76
13:56:54       0    0.00    0.00    0.00    0.00    0.00  100.00    0.00    0.00    0.00    0.00
13:56:54       1   18.89    0.00   38.89    1.11    0.00    0.00    0.00    0.00    0.00   41.11
13:56:54       2   21.51    0.00   38.71    0.00    0.00    0.00    0.00    0.00    0.00   39.78
13:56:54       3   20.22    0.00   38.20    0.00    0.00    0.00    0.00    0.00    0.00   41.57

13:56:54     CPU    %usr   %nice    %sys %iowait    %irq   %soft  %steal  %guest  %gnice   %idle
13:56:55     all   14.29    0.00   25.88    0.00    0.00   28.57    0.00    0.00    0.00   31.27
13:56:55       0    0.00    0.00    0.00    0.00    0.00  100.00    0.00    0.00    0.00    0.00
13:56:55       1   18.89    0.00   35.56    0.00    0.00    2.22    0.00    0.00    0.00   43.33
13:56:55       2   20.45    0.00   32.95    0.00    0.00    2.27    0.00    0.00    0.00   44.32
13:56:55       3   19.35    0.00   37.63    0.00    0.00    2.15    0.00    0.00    0.00   40.86

13:56:55     CPU    %usr   %nice    %sys %iowait    %irq   %soft  %steal  %guest  %gnice   %idle
13:56:56     all   14.59    0.00   29.71    0.00    0.00   27.06    0.00    0.00    0.00   28.65
13:56:56       0   18.89    0.00   40.00    0.00    0.00    2.22    0.00    0.00    0.00   38.89
13:56:56       1   19.57    0.00   41.30    0.00    0.00    0.00    0.00    0.00    0.00   39.13
13:56:56       2    0.97    0.00    0.97    0.00    0.00   97.09    0.00    0.00    0.00    0.97
13:56:56       3   20.65    0.00   40.22    0.00    0.00    0.00    0.00    0.00    0.00   39.13

13:56:56     CPU    %usr   %nice    %sys %iowait    %irq   %soft  %steal  %guest  %gnice   %idle
13:56:57     all   25.85    0.00   29.77    0.00    0.00   27.15    0.00    0.00    0.00   17.23
13:56:57       0   40.43    0.00   39.36    0.00    0.00    1.06    0.00    0.00    0.00   19.15
13:56:57       1   34.04    0.00   40.43    0.00    0.00    1.06    0.00    0.00    0.00   24.47
13:56:57       2    0.00    0.00    0.00    0.00    0.00  100.00    0.00    0.00    0.00    0.00
13:56:57       3   30.53    0.00   41.05    0.00    0.00    2.11    0.00    0.00    0.00   26.32

13:56:57     CPU    %usr   %nice    %sys %iowait    %irq   %soft  %steal  %guest  %gnice   %idle
13:56:58     all   14.86    0.00   26.76    0.00    0.00   27.57    0.00    0.00    0.00   30.81
13:56:58       0   17.39    0.00   39.13    0.00    0.00    1.09    0.00    0.00    0.00   42.39
13:56:58       1   22.22    0.00   35.56    0.00    0.00    1.11    0.00    0.00    0.00   41.11
13:56:58       2    0.00    0.00    0.00    0.00    0.00  100.00    0.00    0.00    0.00    0.00
13:56:58       3   21.59    0.00   35.23    0.00    0.00    0.00    0.00    0.00    0.00   43.18

13:56:58     CPU    %usr   %nice    %sys %iowait    %irq   %soft  %steal  %guest  %gnice   %idle
13:56:59     all   11.81    0.00   28.30    0.00    0.00   28.85    0.00    0.00    0.00   31.04
13:56:59       0   14.94    0.00   40.23    0.00    0.00    1.15    0.00    0.00    0.00   43.68
13:56:59       1   13.79    0.00   40.23    0.00    0.00    2.30    0.00    0.00    0.00   43.68
13:56:59       2    0.00    0.00    0.00    0.00    0.00  100.00    0.00    0.00    0.00    0.00
13:56:59       3   20.00    0.00   36.67    0.00    0.00    2.22    0.00    0.00    0.00   41.11

Average:     CPU    %usr   %nice    %sys %iowait    %irq   %soft  %steal  %guest  %gnice   %idle
Average:     all   15.66    0.00   28.54    0.04    0.00   27.81    0.00    0.00    0.00   27.94
Average:       0   12.21    0.00   21.16    0.04    0.00   46.43    0.00    0.00    0.00   20.16
Average:       1   17.68    0.00   31.74    0.04    0.00   19.74    0.00    0.00    0.00   30.80
Average:       2   14.74    0.00   27.61    0.05    0.00   29.35    0.00    0.00    0.00   28.25
Average:       3   18.12    0.00   33.86    0.05    0.00   15.18    0.00    0.00    0.00   32.78
