Linux 6.12.47+rpt-rpi-v8 (host1) 	09/12/25 	_aarch64_	(4 CPU)

14:29:39     CPU    %usr   %nice    %sys %iowait    %irq   %soft  %steal  %guest  %gnice   %idle
14:29:40     all    0.00    0.00    0.00    0.00    0.00    0.00    0.00    0.00    0.00  100.00
14:29:40       0    0.00    0.00    0.00    0.00    0.00    0.00    0.00    0.00    0.00  100.00
14:29:40       1    0.00    0.00    0.00    0.00    0.00    0.00    0.00    0.00    0.00  100.00
14:29:40       2    0.00    0.00    0.00    0.00    0.00    0.00    0.00    0.00    0.00  100.00
14:29:40       3    0.00    0.00    0.00    0.00    0.00    0.00    0.00    0.00    0.00  100.00

14:29:40     CPU    %usr   %nice    %sys %iowait    %irq   %soft  %steal  %guest  %gnice   %idle
14:29:41     all    0.00    0.00    0.00    0.00    0.00    0.25    0.00    0.00    0.00   99.75
14:29:41       0    0.00    0.00    0.00    0.00    0.00    0.00    0.00    0.00    0.00  100.00
14:29:41       1    0.00    0.00    0.00    0.00    0.00    1.00    0.00    0.00    0.00   99.00
14:29:41       2    0.00    0.00    0.00    0.00    0.00    0.00    0.00    0.00    0.00  100.00
14:29:41       3    0.00    0.00    0.00    0.00    0.00    0.00    0.00    0.00    0.00  100.00

14:29:41     CPU    %usr   %nice    %sys %iowait    %irq   %soft  %steal  %guest  %gnice   %idle
14:29:42     all    0.00    0.00    0.00    0.00    0.00    0.00    0.00    0.00    0.00  100.00
14:29:42       0    0.00    0.00    0.00    0.00    0.00    0.00    0.00    0.00    0.00  100.00
14:29:42       1    0.00    0.00    0.00    0.00    0.00    0.00    0.00    0.00    0.00  100.00
14:29:42       2    0.00    0.00    0.00    0.00    0.00    0.00    0.00    0.00    0.00  100.00
14:29:42       3    0.00    0.00    0.00    0.00    0.00    0.00    0.00    0.00    0.00  100.00

14:29:42     CPU    %usr   %nice    %sys %iowait    %irq   %soft  %steal  %guest  %gnice   %idle
14:29:43     all    0.00    0.00    0.00    0.00    0.00    0.25    0.00    0.00    0.00   99.75
14:29:43       0    0.00    0.00    0.00    0.00    0.00    0.00    0.00    0.00    0.00  100.00
14:29:43       1    0.00    0.00    0.00    0.00    0.00    0.00    0.00    0.00    0.00  100.00
14:29:43       2    0.00    0.00    0.00    0.00    0.00    1.00    0.00    0.00    0.00   99.00
14:29:43       3    0.00    0.00    0.00    0.00    0.00    0.00    0.00    0.00    0.00  100.00

14:29:43     CPU    %usr   %nice    %sys %iowait    %irq   %soft  %steal  %guest  %gnice   %idle
14:29:44     all    0.00    0.00    0.00    0.00    0.00    0.25    0.00    0.00    0.00   99.75
14:29:44       0    0.00    0.00    0.00    0.00    0.00    1.00    0.00    0.00    0.00   99.00
14:29:44       1    0.00    0.00    0.00    0.00    0.00    0.00    0.00    0.00    0.00  100.00
14:29:44       2    0.00    0.00    0.00    0.00    0.00    0.00    0.00    0.00    0.00  100.00
14:29:44       3    0.00    0.00    0.00    0.00    0.00    0.00    0.00    0.00    0.00  100.00

14:29:44     CPU    %usr   %nice    %sys %iowait    %irq   %soft  %steal  %guest  %gnice   %idle
14:29:45     all    0.00    0.00    0.00    0.25    0.00    0.00    0.00    0.00    0.00   99.75
14:29:45       0    0.00    0.00    0.00    1.01    0.00    0.00    0.00    0.00    0.00   98.99
14:29:45       1    0.00    0.00    0.00    0.00    0.00    0.00    0.00    0.00    0.00  100.00
14:29:45       2    0.00    0.00    0.00    0.00    0.00    0.00    0.00    0.00    0.00  100.00
14:29:45       3    0.00    0.00    0.00    0.00    0.00    0.00    0.00    0.00    0.00  100.00

14:29:45     CPU    %usr   %nice    %sys %iowait    %irq   %soft  %steal  %guest  %gnice   %idle
14:29:46     all    0.00    0.00    0.00    0.00    0.00    0.00    0.00    0.00    0.00  100.00
14:29:46       0    0.00    0.00    0.00    0.00    0.00    0.00    0.00    0.00    0.00  100.00
14:29:46       1    0.00    0.00    0.00    0.00    0.00    0.00    0.00    0.00    0.00  100.00
14:29:46       2    0.00    0.00    0.00    0.00    0.00    0.00    0.00    0.00    0.00  100.00
14:29:46       3    0.00    0.00    0.00    0.00    0.00    0.00    0.00    0.00    0.00  100.00

14:29:46     CPU    %usr   %nice    %sys %iowait    %irq   %soft  %steal  %guest  %gnice   %idle
14:29:47     all    0.00    0.00    0.00    0.00    0.00    0.00    0.00    0.00    0.00  100.00
14:29:47       0    0.00    0.00    0.00    0.00    0.00    0.00    0.00    0.00    0.00  100.00
14:29:47       1    0.00    0.00    0.00    0.00    0.00    0.00    0.00    0.00    0.00  100.00
14:29:47       2    0.00    0.00    0.00    0.00    0.00    0.00    0.00    0.00    0.00  100.00
14:29:47       3    0.00    0.00    0.00    0.00    0.00    0.00    0.00    0.00    0.00  100.00

14:29:47     CPU    %usr   %nice    %sys %iowait    %irq   %soft  %steal  %guest  %gnice   %idle
14:29:48     all    0.00    0.00    0.00    0.00    0.00    0.00    0.00    0.00    0.00  100.00
14:29:48       0    0.00    0.00    0.00    0.00    0.00    0.00    0.00    0.00    0.00  100.00
14:29:48       1    0.00    0.00    0.00    0.00    0.00    0.00    0.00    0.00    0.00  100.00
14:29:48       2    0.00    0.00    0.00    0.00    0.00    0.00    0.00    0.00    0.00  100.00
14:29:48       3    0.00    0.00    0.00    0.00    0.00    0.00    0.00    0.00    0.00  100.00

14:29:48     CPU    %usr   %nice    %sys %iowait    %irq   %soft  %steal  %guest  %gnice   %idle
14:29:49     all    0.00    0.00    0.00    0.00    0.00    0.00    0.00    0.00    0.00  100.00
14:29:49       0    0.00    0.00    0.00    0.00    0.00    0.00    0.00    0.00    0.00  100.00
14:29:49       1    0.00    0.00    0.00    0.00    0.00    0.00    0.00    0.00    0.00  100.00
14:29:49       2    0.00    0.00    0.00    0.00    0.00    0.00    0.00    0.00    0.00  100.00
14:29:49       3    0.00    0.00    0.00    0.00    0.00    0.00    0.00    0.00    0.00  100.00

14:29:49     CPU    %usr   %nice    %sys %iowait    %irq   %soft  %steal  %guest  %gnice   %idle
14:29:50     all    0.00    0.00    0.00    0.50    0.00    0.00    0.00    0.00    0.00   99.50
14:29:50       0    0.00    0.00    0.00    2.00    0.00    0.00    0.00    0.00    0.00   98.00
14:29:50       1    0.00    0.00    0.00    0.00    0.00    0.00    0.00    0.00    0.00  100.00
14:29:50       2    0.00    0.00    0.00    0.00    0.00    0.00    0.00    0.00    0.00  100.00
14:29:50       3    0.00    0.00    0.00    0.00    0.00    0.00    0.00    0.00    0.00  100.00

14:29:50     CPU    %usr   %nice    %sys %iowait    %irq   %soft  %steal  %guest  %gnice   %idle
14:29:51     all    0.00    0.00    0.00    0.00    0.00    0.00    0.00    0.00    0.00  100.00
14:29:51       0    0.00    0.00    0.00    0.00    0.00    0.00    0.00    0.00    0.00  100.00
14:29:51       1    0.00    0.00    0.00    0.00    0.00    0.00    0.00    0.00    0.00  100.00
14:29:51       2    0.00    0.00    0.00    0.00    0.00    0.00    0.00    0.00    0.00  100.00
14:29:51       3    0.00    0.00    0.00    0.00    0.00    0.00    0.00    0.00    0.00  100.00

14:29:51     CPU    %usr   %nice    %sys %iowait    %irq   %soft  %steal  %guest  %gnice   %idle
14:29:52     all    0.00    0.00    0.25    0.00    0.00    0.00    0.00    0.00    0.00   99.75
14:29:52       0    0.00    0.00    0.00    0.00    0.00    0.00    0.00    0.00    0.00  100.00
14:29:52       1    0.00    0.00    0.00    0.00    0.00    0.00    0.00    0.00    0.00  100.00
14:29:52       2    0.00    0.00    1.00    0.00    0.00    0.00    0.00    0.00    0.00   99.00
14:29:52       3    0.00    0.00    0.00    0.00    0.00    0.00    0.00    0.00    0.00  100.00

14:29:52     CPU    %usr   %nice    %sys %iowait    %irq   %soft  %steal  %guest  %gnice   %idle
14:29:53     all    0.00    0.00    0.00    0.00    0.00    0.00    0.00    0.00    0.00  100.00
14:29:53       0    0.00    0.00    0.00    0.00    0.00    0.00    0.00    0.00    0.00  100.00
14:29:53       1    0.00    0.00    0.00    0.00    0.00    0.00    0.00    0.00    0.00  100.00
14:29:53       2    0.00    0.00    0.00    0.00    0.00    0.00    0.00    0.00    0.00  100.00
14:29:53       3    0.00    0.00    0.00    0.00    0.00    0.00    0.00    0.00    0.00  100.00

14:29:53     CPU    %usr   %nice    %sys %iowait    %irq   %soft  %steal  %guest  %gnice   %idle
14:29:54     all    0.25    0.00    0.00    0.00    0.00    0.00    0.00    0.00    0.00   99.75
14:29:54       0    0.00    0.00    0.00    0.00    0.00    0.00    0.00    0.00    0.00  100.00
14:29:54       1    0.00    0.00    0.00    0.00    0.00    0.00    0.00    0.00    0.00  100.00
14:29:54       2    1.01    0.00    0.00    0.00    0.00    0.00    0.00    0.00    0.00   98.99
14:29:54       3    0.00    0.00    0.00    0.00    0.00    0.00    0.00    0.00    0.00  100.00

14:29:54     CPU    %usr   %nice    %sys %iowait    %irq   %soft  %steal  %guest  %gnice   %idle
14:29:55     all    0.00    0.00    0.00    0.00    0.00    0.00    0.00    0.00    0.00  100.00
14:29:55       0    0.00    0.00    0.00    0.00    0.00    0.00    0.00    0.00    0.00  100.00
14:29:55       1    0.00    0.00    0.00    0.00    0.00    0.00    0.00    0.00    0.00  100.00
14:29:55       2    0.00    0.00    0.00    0.00    0.00    0.00    0.00    0.00    0.00  100.00
14:29:55       3    0.00    0.00    0.00    0.00    0.00    0.00    0.00    0.00    0.00  100.00

14:29:55     CPU    %usr   %nice    %sys %iowait    %irq   %soft  %steal  %guest  %gnice   %idle
14:29:56     all    0.00    0.00    0.25    0.50    0.00    0.00    0.00    0.00    0.00   99.24
14:29:56       0    0.00    0.00    0.00    1.00    0.00    0.00    0.00    0.00    0.00   99.00
14:29:56       1    0.00    0.00    0.00    0.00    0.00    0.00    0.00    0.00    0.00  100.00
14:29:56       2    0.00    0.00    1.00    1.00    0.00    0.00    0.00    0.00    0.00   98.00
14:29:56       3    0.00    0.00    0.00    0.00    0.00    0.00    0.00    0.00    0.00  100.00

14:29:56     CPU    %usr   %nice    %sys %iowait    %irq   %soft  %steal  %guest  %gnice   %idle
14:29:57     all    0.00    0.00    0.00    0.00    0.00    0.00    0.00    0.00    0.00  100.00
14:29:57       0    0.00    0.00    0.00    0.00    0.00    0.00    0.00    0.00    0.00  100.00
14:29:57       1    0.00    0.00    0.00    0.00    0.00    0.00    0.00    0.00    0.00  100.00
14:29:57       2    0.00    0.00    0.00    0.00    0.00    0.00    0.00    0.00    0.00  100.00
14:29:57       3    0.00    0.00    0.00    0.00    0.00    0.00    0.00    0.00    0.00  100.00

14:29:57     CPU    %usr   %nice    %sys %iowait    %irq   %soft  %steal  %guest  %gnice   %idle
14:29:58     all    0.25    0.00    0.00    0.00    0.00    0.00    0.00    0.00    0.00   99.75
14:29:58       0    0.00    0.00    0.00    0.00    0.00    0.00    0.00    0.00    0.00  100.00
14:29:58       1    0.00    0.00    0.00    0.00    0.00    0.00    0.00    0.00    0.00  100.00
14:29:58       2    1.00    0.00    0.00    0.00    0.00    0.00    0.00    0.00    0.00   99.00
14:29:58       3    0.00    0.00    0.00    0.00    0.00    0.00    0.00    0.00    0.00  100.00

14:29:58     CPU    %usr   %nice    %sys %iowait    %irq   %soft  %steal  %guest  %gnice   %idle
14:29:59     all    0.00    0.00    0.00    0.00    0.00    0.00    0.00    0.00    0.00  100.00
14:29:59       0    0.00    0.00    0.00    0.00    0.00    0.00    0.00    0.00    0.00  100.00
14:29:59       1    0.00    0.00    0.00    0.00    0.00    0.00    0.00    0.00    0.00  100.00
14:29:59       2    0.00    0.00    0.00    0.00    0.00    0.00    0.00    0.00    0.00  100.00
14:29:59       3    0.00    0.00    0.00    0.00    0.00    0.00    0.00    0.00    0.00  100.00

14:29:59     CPU    %usr   %nice    %sys %iowait    %irq   %soft  %steal  %guest  %gnice   %idle
14:30:00     all    0.50    0.00    0.00    0.00    0.00    0.25    0.00    0.00    0.00   99.25
14:30:00       0    0.00    0.00    0.00    0.00    0.00    0.00    0.00    0.00    0.00  100.00
14:30:00       1    1.00    0.00    0.00    0.00    0.00    0.00    0.00    0.00    0.00   99.00
14:30:00       2    1.00    0.00    0.00    0.00    0.00    1.00    0.00    0.00    0.00   98.00
14:30:00       3    0.00    0.00    0.00    0.00    0.00    0.00    0.00    0.00    0.00  100.00

14:30:00     CPU    %usr   %nice    %sys %iowait    %irq   %soft  %steal  %guest  %gnice   %idle
14:30:01     all    0.00    0.00    0.00    0.00    0.00    0.00    0.00    0.00    0.00  100.00
14:30:01       0    0.00    0.00    0.00    0.00    0.00    0.00    0.00    0.00    0.00  100.00
14:30:01       1    0.00    0.00    0.00    0.00    0.00    0.00    0.00    0.00    0.00  100.00
14:30:01       2    0.00    0.00    0.00    0.00    0.00    0.00    0.00    0.00    0.00  100.00
14:30:01       3    0.00    0.00    0.00    0.00    0.00    0.00    0.00    0.00    0.00  100.00

14:30:01     CPU    %usr   %nice    %sys %iowait    %irq   %soft  %steal  %guest  %gnice   %idle
14:30:02     all    0.00    0.00    0.00    0.00    0.00    0.00    0.00    0.00    0.00  100.00
14:30:02       0    0.00    0.00    0.00    0.00    0.00    0.00    0.00    0.00    0.00  100.00
14:30:02       1    0.00    0.00    0.00    0.00    0.00    0.00    0.00    0.00    0.00  100.00
14:30:02       2    0.00    0.00    0.00    0.00    0.00    0.00    0.00    0.00    0.00  100.00
14:30:02       3    0.00    0.00    0.00    0.00    0.00    0.00    0.00    0.00    0.00  100.00

14:30:02     CPU    %usr   %nice    %sys %iowait    %irq   %soft  %steal  %guest  %gnice   %idle
14:30:03     all    0.00    0.00    0.00    0.00    0.00    0.00    0.00    0.00    0.00  100.00
14:30:03       0    0.00    0.00    0.00    0.00    0.00    0.00    0.00    0.00    0.00  100.00
14:30:03       1    0.00    0.00    0.00    0.00    0.00    0.00    0.00    0.00    0.00  100.00
14:30:03       2    0.00    0.00    0.00    0.00    0.00    0.00    0.00    0.00    0.00  100.00
14:30:03       3    0.00    0.00    0.00    0.00    0.00    0.00    0.00    0.00    0.00  100.00

14:30:03     CPU    %usr   %nice    %sys %iowait    %irq   %soft  %steal  %guest  %gnice   %idle
14:30:04     all    0.00    0.00    0.25    0.00    0.00    0.00    0.00    0.00    0.00   99.75
14:30:04       0    0.00    0.00    0.00    0.00    0.00    0.00    0.00    0.00    0.00  100.00
14:30:04       1    0.00    0.00    0.00    0.00    0.00    0.00    0.00    0.00    0.00  100.00
14:30:04       2    0.00    0.00    1.00    0.00    0.00    0.00    0.00    0.00    0.00   99.00
14:30:04       3    0.00    0.00    0.00    0.00    0.00    0.00    0.00    0.00    0.00  100.00

14:30:04     CPU    %usr   %nice    %sys %iowait    %irq   %soft  %steal  %guest  %gnice   %idle
14:30:05     all    0.00    0.00    0.25    0.00    0.00    0.00    0.00    0.00    0.00   99.75
14:30:05       0    0.00    0.00    0.00    0.00    0.00    0.00    0.00    0.00    0.00  100.00
14:30:05       1    0.00    0.00    0.00    0.00    0.00    0.00    0.00    0.00    0.00  100.00
14:30:05       2    0.00    0.00    1.00    0.00    0.00    0.00    0.00    0.00    0.00   99.00
14:30:05       3    0.00    0.00    0.00    0.00    0.00    0.00    0.00    0.00    0.00  100.00

14:30:05     CPU    %usr   %nice    %sys %iowait    %irq   %soft  %steal  %guest  %gnice   %idle
14:30:06     all    0.00    0.00    0.00    0.00    0.00    0.00    0.00    0.00    0.00  100.00
14:30:06       0    0.00    0.00    0.00    0.00    0.00    0.00    0.00    0.00    0.00  100.00
14:30:06       1    0.00    0.00    0.00    0.00    0.00    0.00    0.00    0.00    0.00  100.00
14:30:06       2    0.00    0.00    0.00    0.00    0.00    0.00    0.00    0.00    0.00  100.00
14:30:06       3    0.00    0.00    0.00    0.00    0.00    0.00    0.00    0.00    0.00  100.00

14:30:06     CPU    %usr   %nice    %sys %iowait    %irq   %soft  %steal  %guest  %gnice   %idle
14:30:07     all    0.00    0.00    0.00    0.25    0.00    0.00    0.00    0.00    0.00   99.75
14:30:07       0    0.00    0.00    0.00    1.01    0.00    0.00    0.00    0.00    0.00   98.99
14:30:07       1    0.00    0.00    0.00    0.00    0.00    0.00    0.00    0.00    0.00  100.00
14:30:07       2    0.00    0.00    0.00    0.00    0.00    0.00    0.00    0.00    0.00  100.00
14:30:07       3    0.00    0.00    0.00    0.00    0.00    0.00    0.00    0.00    0.00  100.00

14:30:07     CPU    %usr   %nice    %sys %iowait    %irq   %soft  %steal  %guest  %gnice   %idle
14:30:08     all    0.00    0.00    0.00    0.00    0.00    0.00    0.00    0.00    0.00  100.00
14:30:08       0    0.00    0.00    0.00    0.00    0.00    0.00    0.00    0.00    0.00  100.00
14:30:08       1    0.00    0.00    0.00    0.00    0.00    0.00    0.00    0.00    0.00  100.00
14:30:08       2    0.00    0.00    0.00    0.00    0.00    0.00    0.00    0.00    0.00  100.00
14:30:08       3    0.00    0.00    0.00    0.00    0.00    0.00    0.00    0.00    0.00  100.00

14:30:08     CPU    %usr   %nice    %sys %iowait    %irq   %soft  %steal  %guest  %gnice   %idle
14:30:09     all    0.00    0.00    0.00    0.00    0.00    0.00    0.00    0.00    0.00  100.00
14:30:09       0    0.00    0.00    0.00    0.00    0.00    0.00    0.00    0.00    0.00  100.00
14:30:09       1    0.00    0.00    0.00    0.00    0.00    0.00    0.00    0.00    0.00  100.00
14:30:09       2    0.00    0.00    0.00    0.00    0.00    0.00    0.00    0.00    0.00  100.00
14:30:09       3    0.00    0.00    0.00    0.00    0.00    0.00    0.00    0.00    0.00  100.00

14:30:09     CPU    %usr   %nice    %sys %iowait    %irq   %soft  %steal  %guest  %gnice   %idle
14:30:10     all    0.00    0.00    0.00    0.00    0.00    0.00    0.00    0.00    0.00  100.00
14:30:10       0    0.00    0.00    0.00    0.00    0.00    0.00    0.00    0.00    0.00  100.00
14:30:10       1    0.00    0.00    0.00    0.00    0.00    0.00    0.00    0.00    0.00  100.00
14:30:10       2    0.00    0.00    0.00    0.00    0.00    0.00    0.00    0.00    0.00  100.00
14:30:10       3    0.00    0.00    0.00    0.00    0.00    0.00    0.00    0.00    0.00  100.00

14:30:10     CPU    %usr   %nice    %sys %iowait    %irq   %soft  %steal  %guest  %gnice   %idle
14:30:11     all    0.00    0.00    0.00    0.00    0.00    0.00    0.00    0.00    0.00  100.00
14:30:11       0    0.00    0.00    0.00    0.00    0.00    0.00    0.00    0.00    0.00  100.00
14:30:11       1    0.00    0.00    0.00    0.00    0.00    0.00    0.00    0.00    0.00  100.00
14:30:11       2    0.00    0.00    0.00    0.00    0.00    0.00    0.00    0.00    0.00  100.00
14:30:11       3    0.00    0.00    0.00    0.00    0.00    0.00    0.00    0.00    0.00  100.00

14:30:11     CPU    %usr   %nice    %sys %iowait    %irq   %soft  %steal  %guest  %gnice   %idle
14:30:12     all    0.00    0.00    0.00    0.00    0.00    0.00    0.00    0.00    0.00  100.00
14:30:12       0    0.00    0.00    0.00    0.00    0.00    0.00    0.00    0.00    0.00  100.00
14:30:12       1    0.00    0.00    0.00    0.00    0.00    0.00    0.00    0.00    0.00  100.00
14:30:12       2    0.00    0.00    0.00    0.00    0.00    0.00    0.00    0.00    0.00  100.00
14:30:12       3    0.00    0.00    0.00    0.00    0.00    0.00    0.00    0.00    0.00  100.00

14:30:12     CPU    %usr   %nice    %sys %iowait    %irq   %soft  %steal  %guest  %gnice   %idle
14:30:13     all    0.00    0.00    0.00    0.00    0.00    0.00    0.00    0.00    0.00  100.00
14:30:13       0    0.00    0.00    0.00    0.00    0.00    0.00    0.00    0.00    0.00  100.00
14:30:13       1    0.00    0.00    0.00    0.00    0.00    0.00    0.00    0.00    0.00  100.00
14:30:13       2    0.00    0.00    0.00    0.00    0.00    0.00    0.00    0.00    0.00  100.00
14:30:13       3    0.00    0.00    0.00    0.00    0.00    0.00    0.00    0.00    0.00  100.00

14:30:13     CPU    %usr   %nice    %sys %iowait    %irq   %soft  %steal  %guest  %gnice   %idle
14:30:14     all    0.00    0.00    0.00    0.00    0.00    0.00    0.00    0.00    0.00  100.00
14:30:14       0    0.00    0.00    0.00    0.00    0.00    0.00    0.00    0.00    0.00  100.00
14:30:14       1    0.00    0.00    0.00    0.00    0.00    0.00    0.00    0.00    0.00  100.00
14:30:14       2    0.00    0.00    0.00    0.00    0.00    0.00    0.00    0.00    0.00  100.00
14:30:14       3    0.00    0.00    0.00    0.00    0.00    0.00    0.00    0.00    0.00  100.00

14:30:14     CPU    %usr   %nice    %sys %iowait    %irq   %soft  %steal  %guest  %gnice   %idle
14:30:15     all    0.00    0.00    0.00    0.00    0.00    0.00    0.00    0.00    0.00  100.00
14:30:15       0    0.00    0.00    0.00    0.00    0.00    0.00    0.00    0.00    0.00  100.00
14:30:15       1    0.00    0.00    0.00    0.00    0.00    0.00    0.00    0.00    0.00  100.00
14:30:15       2    0.00    0.00    0.00    0.00    0.00    0.00    0.00    0.00    0.00  100.00
14:30:15       3    0.00    0.00    0.00    0.00    0.00    0.00    0.00    0.00    0.00  100.00

14:30:15     CPU    %usr   %nice    %sys %iowait    %irq   %soft  %steal  %guest  %gnice   %idle
14:30:16     all    0.00    0.00    0.00    0.00    0.00    0.00    0.00    0.00    0.00  100.00
14:30:16       0    0.00    0.00    0.00    0.00    0.00    0.00    0.00    0.00    0.00  100.00
14:30:16       1    0.00    0.00    0.00    0.00    0.00    0.00    0.00    0.00    0.00  100.00
14:30:16       2    0.00    0.00    0.00    0.00    0.00    0.00    0.00    0.00    0.00  100.00
14:30:16       3    0.00    0.00    0.00    0.00    0.00    0.00    0.00    0.00    0.00  100.00

14:30:16     CPU    %usr   %nice    %sys %iowait    %irq   %soft  %steal  %guest  %gnice   %idle
14:30:17     all    0.00    0.00    0.00    0.00    0.00    0.00    0.00    0.00    0.00  100.00
14:30:17       0    0.00    0.00    0.00    0.00    0.00    0.00    0.00    0.00    0.00  100.00
14:30:17       1    0.00    0.00    0.00    0.00    0.00    0.00    0.00    0.00    0.00  100.00
14:30:17       2    0.00    0.00    0.00    0.00    0.00    0.00    0.00    0.00    0.00  100.00
14:30:17       3    0.00    0.00    0.00    0.00    0.00    0.00    0.00    0.00    0.00  100.00

14:30:17     CPU    %usr   %nice    %sys %iowait    %irq   %soft  %steal  %guest  %gnice   %idle
14:30:18     all    0.00    0.00    0.00    0.00    0.00    0.00    0.00    0.00    0.00  100.00
14:30:18       0    0.00    0.00    0.00    0.00    0.00    0.00    0.00    0.00    0.00  100.00
14:30:18       1    0.00    0.00    0.00    0.00    0.00    0.00    0.00    0.00    0.00  100.00
14:30:18       2    0.00    0.00    0.00    0.00    0.00    0.00    0.00    0.00    0.00  100.00
14:30:18       3    0.00    0.00    0.00    0.00    0.00    0.00    0.00    0.00    0.00  100.00

14:30:18     CPU    %usr   %nice    %sys %iowait    %irq   %soft  %steal  %guest  %gnice   %idle
14:30:19     all    0.00    0.00    0.00    0.00    0.00    0.00    0.00    0.00    0.00  100.00
14:30:19       0    0.00    0.00    0.00    0.00    0.00    0.00    0.00    0.00    0.00  100.00
14:30:19       1    0.00    0.00    0.00    0.00    0.00    0.00    0.00    0.00    0.00  100.00
14:30:19       2    0.00    0.00    0.00    0.00    0.00    0.00    0.00    0.00    0.00  100.00
14:30:19       3    0.00    0.00    0.00    0.00    0.00    0.00    0.00    0.00    0.00  100.00

14:30:19     CPU    %usr   %nice    %sys %iowait    %irq   %soft  %steal  %guest  %gnice   %idle
14:30:20     all    0.00    0.00    0.00    0.00    0.00    0.00    0.00    0.00    0.00  100.00
14:30:20       0    0.00    0.00    0.00    0.00    0.00    0.00    0.00    0.00    0.00  100.00
14:30:20       1    0.00    0.00    0.00    0.00    0.00    0.00    0.00    0.00    0.00  100.00
14:30:20       2    0.00    0.00    0.00    0.00    0.00    0.00    0.00    0.00    0.00  100.00
14:30:20       3    0.00    0.00    0.00    0.00    0.00    0.00    0.00    0.00    0.00  100.00

14:30:20     CPU    %usr   %nice    %sys %iowait    %irq   %soft  %steal  %guest  %gnice   %idle
14:30:21     all    0.00    0.00    0.00    0.00    0.00    0.00    0.00    0.00    0.00  100.00
14:30:21       0    0.00    0.00    0.00    0.00    0.00    0.00    0.00    0.00    0.00  100.00
14:30:21       1    0.00    0.00    0.00    0.00    0.00    0.00    0.00    0.00    0.00  100.00
14:30:21       2    0.00    0.00    0.00    0.00    0.00    0.00    0.00    0.00    0.00  100.00
14:30:21       3    0.00    0.00    0.00    0.00    0.00    0.00    0.00    0.00    0.00  100.00

14:30:21     CPU    %usr   %nice    %sys %iowait    %irq   %soft  %steal  %guest  %gnice   %idle
14:30:22     all    0.00    0.00    0.00    0.00    0.00    0.25    0.00    0.00    0.00   99.75
14:30:22       0    0.00    0.00    0.00    0.00    0.00    0.00    0.00    0.00    0.00  100.00
14:30:22       1    0.00    0.00    0.00    0.00    0.00    0.00    0.00    0.00    0.00  100.00
14:30:22       2    0.00    0.00    0.00    0.00    0.00    0.00    0.00    0.00    0.00  100.00
14:30:22       3    0.00    0.00    0.00    0.00    0.00    1.00    0.00    0.00    0.00   99.00

14:30:22     CPU    %usr   %nice    %sys %iowait    %irq   %soft  %steal  %guest  %gnice   %idle
14:30:23     all    0.00    0.00    0.00    0.00    0.00    0.00    0.00    0.00    0.00  100.00
14:30:23       0    0.00    0.00    0.00    0.00    0.00    0.00    0.00    0.00    0.00  100.00
14:30:23       1    0.00    0.00    0.00    0.00    0.00    0.00    0.00    0.00    0.00  100.00
14:30:23       2    0.00    0.00    0.00    0.00    0.00    0.00    0.00    0.00    0.00  100.00
14:30:23       3    0.00    0.00    0.00    0.00    0.00    0.00    0.00    0.00    0.00  100.00

14:30:23     CPU    %usr   %nice    %sys %iowait    %irq   %soft  %steal  %guest  %gnice   %idle
14:30:24     all    0.00    0.00    0.00    0.25    0.00    0.00    0.00    0.00    0.00   99.75
14:30:24       0    0.00    0.00    0.00    1.01    0.00    0.00    0.00    0.00    0.00   98.99
14:30:24       1    0.00    0.00    0.00    0.00    0.00    0.00    0.00    0.00    0.00  100.00
14:30:24       2    0.00    0.00    0.00    0.00    0.00    0.00    0.00    0.00    0.00  100.00
14:30:24       3    0.00    0.00    0.00    0.00    0.00    0.00    0.00    0.00    0.00  100.00

14:30:24     CPU    %usr   %nice    %sys %iowait    %irq   %soft  %steal  %guest  %gnice   %idle
14:30:25     all    0.00    0.00    0.00    0.00    0.00    0.25    0.00    0.00    0.00   99.75
14:30:25       0    0.00    0.00    0.00    0.00    0.00    0.00    0.00    0.00    0.00  100.00
14:30:25       1    0.00    0.00    0.00    0.00    0.00    1.00    0.00    0.00    0.00   99.00
14:30:25       2    0.00    0.00    0.00    0.00    0.00    0.00    0.00    0.00    0.00  100.00
14:30:25       3    0.00    0.00    0.00    0.00    0.00    0.00    0.00    0.00    0.00  100.00

14:30:25     CPU    %usr   %nice    %sys %iowait    %irq   %soft  %steal  %guest  %gnice   %idle
14:30:26     all    0.00    0.00    0.00    0.00    0.00    0.00    0.00    0.00    0.00  100.00
14:30:26       0    0.00    0.00    0.00    0.00    0.00    0.00    0.00    0.00    0.00  100.00
14:30:26       1    0.00    0.00    0.00    0.00    0.00    0.00    0.00    0.00    0.00  100.00
14:30:26       2    0.00    0.00    0.00    0.00    0.00    0.00    0.00    0.00    0.00  100.00
14:30:26       3    0.00    0.00    0.00    0.00    0.00    0.00    0.00    0.00    0.00  100.00

14:30:26     CPU    %usr   %nice    %sys %iowait    %irq   %soft  %steal  %guest  %gnice   %idle
14:30:27     all    0.00    0.00    0.00    0.00    0.00    0.00    0.00    0.00    0.00  100.00
14:30:27       0    0.00    0.00    0.00    0.00    0.00    0.00    0.00    0.00    0.00  100.00
14:30:27       1    0.00    0.00    0.00    0.00    0.00    0.00    0.00    0.00    0.00  100.00
14:30:27       2    0.00    0.00    0.00    0.00    0.00    0.00    0.00    0.00    0.00  100.00
14:30:27       3    0.00    0.00    0.00    0.00    0.00    0.00    0.00    0.00    0.00  100.00

14:30:27     CPU    %usr   %nice    %sys %iowait    %irq   %soft  %steal  %guest  %gnice   %idle
14:30:28     all    0.00    0.00    0.00    0.00    0.00    0.00    0.00    0.00    0.00  100.00
14:30:28       0    0.00    0.00    0.00    0.00    0.00    0.00    0.00    0.00    0.00  100.00
14:30:28       1    0.00    0.00    0.00    0.00    0.00    0.00    0.00    0.00    0.00  100.00
14:30:28       2    0.00    0.00    0.00    0.00    0.00    0.00    0.00    0.00    0.00  100.00
14:30:28       3    0.00    0.00    0.00    0.00    0.00    0.00    0.00    0.00    0.00  100.00

14:30:28     CPU    %usr   %nice    %sys %iowait    %irq   %soft  %steal  %guest  %gnice   %idle
14:30:29     all    0.00    0.00    0.00    0.25    0.00    0.00    0.00    0.00    0.00   99.75
14:30:29       0    0.00    0.00    0.00    1.01    0.00    0.00    0.00    0.00    0.00   98.99
14:30:29       1    0.00    0.00    0.00    0.00    0.00    0.00    0.00    0.00    0.00  100.00
14:30:29       2    0.00    0.00    0.00    0.00    0.00    0.00    0.00    0.00    0.00  100.00
14:30:29       3    0.00    0.00    0.00    0.00    0.00    0.00    0.00    0.00    0.00  100.00

14:30:29     CPU    %usr   %nice    %sys %iowait    %irq   %soft  %steal  %guest  %gnice   %idle
14:30:30     all    0.00    0.00    0.25    0.00    0.00    0.00    0.00    0.00    0.00   99.75
14:30:30       0    0.00    0.00    0.00    0.00    0.00    0.00    0.00    0.00    0.00  100.00
14:30:30       1    0.00    0.00    1.00    0.00    0.00    0.00    0.00    0.00    0.00   99.00
14:30:30       2    0.00    0.00    0.00    0.00    0.00    0.00    0.00    0.00    0.00  100.00
14:30:30       3    0.00    0.00    0.00    0.00    0.00    0.00    0.00    0.00    0.00  100.00

14:30:30     CPU    %usr   %nice    %sys %iowait    %irq   %soft  %steal  %guest  %gnice   %idle
14:30:31     all    0.00    0.00    0.00    0.00    0.00    0.00    0.00    0.00    0.00  100.00
14:30:31       0    0.00    0.00    0.00    0.00    0.00    0.00    0.00    0.00    0.00  100.00
14:30:31       1    0.00    0.00    0.00    0.00    0.00    0.00    0.00    0.00    0.00  100.00
14:30:31       2    0.00    0.00    0.00    0.00    0.00    0.00    0.00    0.00    0.00  100.00
14:30:31       3    0.00    0.00    0.00    0.00    0.00    0.00    0.00    0.00    0.00  100.00

14:30:31     CPU    %usr   %nice    %sys %iowait    %irq   %soft  %steal  %guest  %gnice   %idle
14:30:32     all    0.00    0.00    0.00    0.00    0.00    0.00    0.00    0.00    0.00  100.00
14:30:32       0    0.00    0.00    0.00    0.00    0.00    0.00    0.00    0.00    0.00  100.00
14:30:32       1    0.00    0.00    0.00    0.00    0.00    0.00    0.00    0.00    0.00  100.00
14:30:32       2    0.00    0.00    0.00    0.00    0.00    0.00    0.00    0.00    0.00  100.00
14:30:32       3    0.00    0.00    0.00    0.00    0.00    0.00    0.00    0.00    0.00  100.00

14:30:32     CPU    %usr   %nice    %sys %iowait    %irq   %soft  %steal  %guest  %gnice   %idle
14:30:33     all    0.00    0.00    0.00    0.00    0.00    0.00    0.00    0.00    0.00  100.00
14:30:33       0    0.00    0.00    0.00    0.00    0.00    0.00    0.00    0.00    0.00  100.00
14:30:33       1    0.00    0.00    0.00    0.00    0.00    0.00    0.00    0.00    0.00  100.00
14:30:33       2    0.00    0.00    0.00    0.00    0.00    0.00    0.00    0.00    0.00  100.00
14:30:33       3    0.00    0.00    0.00    0.00    0.00    0.00    0.00    0.00    0.00  100.00

14:30:33     CPU    %usr   %nice    %sys %iowait    %irq   %soft  %steal  %guest  %gnice   %idle
14:30:34     all    0.00    0.00    0.25    0.00    0.00    0.00    0.00    0.00    0.00   99.75
14:30:34       0    0.00    0.00    0.00    0.00    0.00    0.00    0.00    0.00    0.00  100.00
14:30:34       1    0.00    0.00    0.00    0.00    0.00    0.00    0.00    0.00    0.00  100.00
14:30:34       2    0.00    0.00    1.00    0.00    0.00    0.00    0.00    0.00    0.00   99.00
14:30:34       3    0.00    0.00    0.00    0.00    0.00    0.00    0.00    0.00    0.00  100.00

14:30:34     CPU    %usr   %nice    %sys %iowait    %irq   %soft  %steal  %guest  %gnice   %idle
14:30:35     all    0.00    0.00    0.00    0.00    0.00    0.00    0.00    0.00    0.00  100.00
14:30:35       0    0.00    0.00    0.00    0.00    0.00    0.00    0.00    0.00    0.00  100.00
14:30:35       1    0.00    0.00    0.00    0.00    0.00    0.00    0.00    0.00    0.00  100.00
14:30:35       2    0.00    0.00    0.00    0.00    0.00    0.00    0.00    0.00    0.00  100.00
14:30:35       3    0.00    0.00    0.00    0.00    0.00    0.00    0.00    0.00    0.00  100.00

14:30:35     CPU    %usr   %nice    %sys %iowait    %irq   %soft  %steal  %guest  %gnice   %idle
14:30:36     all    0.25    0.00    0.00    0.00    0.00    0.00    0.00    0.00    0.00   99.75
14:30:36       0    0.00    0.00    0.00    0.00    0.00    0.00    0.00    0.00    0.00  100.00
14:30:36       1    0.00    0.00    0.00    0.00    0.00    0.00    0.00    0.00    0.00  100.00
14:30:36       2    1.00    0.00    0.00    0.00    0.00    0.00    0.00    0.00    0.00   99.00
14:30:36       3    0.00    0.00    0.00    0.00    0.00    0.00    0.00    0.00    0.00  100.00

14:30:36     CPU    %usr   %nice    %sys %iowait    %irq   %soft  %steal  %guest  %gnice   %idle
14:30:37     all    0.00    0.00    0.25    0.00    0.00    0.00    0.00    0.00    0.00   99.75
14:30:37       0    0.00    0.00    0.00    0.00    0.00    0.00    0.00    0.00    0.00  100.00
14:30:37       1    0.00    0.00    0.00    0.00    0.00    0.00    0.00    0.00    0.00  100.00
14:30:37       2    0.00    0.00    1.00    0.00    0.00    0.00    0.00    0.00    0.00   99.00
14:30:37       3    0.00    0.00    0.00    0.00    0.00    0.00    0.00    0.00    0.00  100.00

14:30:37     CPU    %usr   %nice    %sys %iowait    %irq   %soft  %steal  %guest  %gnice   %idle
14:30:38     all    0.00    0.00    0.00    0.00    0.00    0.00    0.00    0.00    0.00  100.00
14:30:38       0    0.00    0.00    0.00    0.00    0.00    0.00    0.00    0.00    0.00  100.00
14:30:38       1    0.00    0.00    0.00    0.00    0.00    0.00    0.00    0.00    0.00  100.00
14:30:38       2    0.00    0.00    0.00    0.00    0.00    0.00    0.00    0.00    0.00  100.00
14:30:38       3    0.00    0.00    0.00    0.00    0.00    0.00    0.00    0.00    0.00  100.00

14:30:38     CPU    %usr   %nice    %sys %iowait    %irq   %soft  %steal  %guest  %gnice   %idle
14:30:39     all    0.00    0.00    0.00    0.00    0.00    0.00    0.00    0.00    0.00  100.00
14:30:39       0    0.00    0.00    0.00    0.00    0.00    0.00    0.00    0.00    0.00  100.00
14:30:39       1    0.00    0.00    0.00    0.00    0.00    0.00    0.00    0.00    0.00  100.00
14:30:39       2    0.00    0.00    0.00    0.00    0.00    0.00    0.00    0.00    0.00  100.00
14:30:39       3    0.00    0.00    0.00    0.00    0.00    0.00    0.00    0.00    0.00  100.00

Average:     CPU    %usr   %nice    %sys %iowait    %irq   %soft  %steal  %guest  %gnice   %idle
Average:     all    0.02    0.00    0.03    0.03    0.00    0.03    0.00    0.00    0.00   99.89
Average:       0    0.00    0.00    0.00    0.12    0.00    0.02    0.00    0.00    0.00   99.87
Average:       1    0.02    0.00    0.02    0.00    0.00    0.03    0.00    0.00    0.00   99.93
Average:       2    0.07    0.00    0.10    0.02    0.00    0.03    0.00    0.00    0.00   99.78
Average:       3    0.00    0.00    0.00    0.00    0.00    0.02    0.00    0.00    0.00   99.98
