Linux 6.12.47+rpt-rpi-v8 (host1) 	09/12/25 	_aarch64_	(4 CPU)

11:52:14     CPU    %usr   %nice    %sys %iowait    %irq   %soft  %steal  %guest  %gnice   %idle
11:52:15     all    0.00    0.00    1.09    0.00    0.00   31.06    0.00    0.00    0.00   67.85
11:52:15       0    0.00    0.00    0.00    0.00    0.00  100.00    0.00    0.00    0.00    0.00
11:52:15       1    0.00    0.00    1.14    0.00    0.00    3.41    0.00    0.00    0.00   95.45
11:52:15       2    0.00    0.00    3.30    0.00    0.00    6.59    0.00    0.00    0.00   90.11
11:52:15       3    0.00    0.00    0.00    0.00    0.00    5.68    0.00    0.00    0.00   94.32

11:52:15     CPU    %usr   %nice    %sys %iowait    %irq   %soft  %steal  %guest  %gnice   %idle
11:52:16     all    0.00    0.00    1.36    0.00    0.00   30.62    0.00    0.00    0.00   68.02
11:52:16       0    0.00    0.00    0.00    0.00    0.00  100.00    0.00    0.00    0.00    0.00
11:52:16       1    0.00    0.00    1.11    0.00    0.00    4.44    0.00    0.00    0.00   94.44
11:52:16       2    0.00    0.00    4.44    0.00    0.00    4.44    0.00    0.00    0.00   91.11
11:52:16       3    0.00    0.00    0.00    0.00    0.00    5.62    0.00    0.00    0.00   94.38

11:52:16     CPU    %usr   %nice    %sys %iowait    %irq   %soft  %steal  %guest  %gnice   %idle
11:52:17     all    0.00    0.00    1.08    0.00    0.00   30.27    0.00    0.00    0.00   68.65
11:52:17       0    0.00    0.00    0.00    0.00    0.00  100.00    0.00    0.00    0.00    0.00
11:52:17       1    0.00    0.00    0.00    0.00    0.00    3.33    0.00    0.00    0.00   96.67
11:52:17       2    0.00    0.00    4.40    0.00    0.00    5.49    0.00    0.00    0.00   90.11
11:52:17       3    0.00    0.00    0.00    0.00    0.00    4.49    0.00    0.00    0.00   95.51

11:52:17     CPU    %usr   %nice    %sys %iowait    %irq   %soft  %steal  %guest  %gnice   %idle
11:52:18     all    0.00    0.00    1.36    0.00    0.00   29.70    0.00    0.00    0.00   68.94
11:52:18       0    0.00    0.00    0.00    0.00    0.00  100.00    0.00    0.00    0.00    0.00
11:52:18       1    0.00    0.00    0.00    0.00    0.00    3.41    0.00    0.00    0.00   96.59
11:52:18       2    0.00    0.00    4.40    0.00    0.00    3.30    0.00    0.00    0.00   92.31
11:52:18       3    0.00    0.00    1.14    0.00    0.00    3.41    0.00    0.00    0.00   95.45

11:52:18     CPU    %usr   %nice    %sys %iowait    %irq   %soft  %steal  %guest  %gnice   %idle
11:52:19     all    0.00    0.00    1.62    0.00    0.00   29.65    0.00    0.00    0.00   68.73
11:52:19       0    0.00    0.00    0.00    0.00    0.00  100.00    0.00    0.00    0.00    0.00
11:52:19       1    0.00    0.00    1.09    0.00    0.00    4.35    0.00    0.00    0.00   94.57
11:52:19       2    0.00    0.00    4.55    0.00    0.00    1.14    0.00    0.00    0.00   94.32
11:52:19       3    0.00    0.00    1.11    0.00    0.00    4.44    0.00    0.00    0.00   94.44

11:52:19     CPU    %usr   %nice    %sys %iowait    %irq   %soft  %steal  %guest  %gnice   %idle
11:52:20     all    0.27    0.00    1.09    0.27    0.00   30.52    0.00    0.00    0.00   67.85
11:52:20       0    0.00    0.00    0.00    0.00    0.00  100.00    0.00    0.00    0.00    0.00
11:52:20       1    0.00    0.00    1.10    1.10    0.00    5.49    0.00    0.00    0.00   92.31
11:52:20       2    1.14    0.00    3.41    0.00    0.00    2.27    0.00    0.00    0.00   93.18
11:52:20       3    0.00    0.00    0.00    0.00    0.00    5.68    0.00    0.00    0.00   94.32

11:52:20     CPU    %usr   %nice    %sys %iowait    %irq   %soft  %steal  %guest  %gnice   %idle
11:52:21     all    0.00    0.00    0.81    0.00    0.00   31.17    0.00    0.00    0.00   68.02
11:52:21       0    0.00    0.00    0.00    0.00    0.00  100.00    0.00    0.00    0.00    0.00
11:52:21       1    0.00    0.00    0.00    0.00    0.00    5.49    0.00    0.00    0.00   94.51
11:52:21       2    0.00    0.00    3.37    0.00    0.00    5.62    0.00    0.00    0.00   91.01
11:52:21       3    0.00    0.00    0.00    0.00    0.00    5.62    0.00    0.00    0.00   94.38

11:52:21     CPU    %usr   %nice    %sys %iowait    %irq   %soft  %steal  %guest  %gnice   %idle
11:52:22     all    0.00    0.00    0.54    0.00    0.00   30.16    0.00    0.00    0.00   69.29
11:52:22       0    0.00    0.00    0.00    0.00    0.00  100.00    0.00    0.00    0.00    0.00
11:52:22       1    0.00    0.00    1.12    0.00    0.00    2.25    0.00    0.00    0.00   96.63
11:52:22       2    0.00    0.00    1.12    0.00    0.00    3.37    0.00    0.00    0.00   95.51
11:52:22       3    0.00    0.00    0.00    0.00    0.00    6.67    0.00    0.00    0.00   93.33

11:52:22     CPU    %usr   %nice    %sys %iowait    %irq   %soft  %steal  %guest  %gnice   %idle
11:52:23     all    0.00    0.00    1.63    0.00    0.00   30.16    0.00    0.00    0.00   68.21
11:52:23       0    0.00    0.00    0.00    0.00    0.00  100.00    0.00    0.00    0.00    0.00
11:52:23       1    0.00    0.00    1.12    0.00    0.00    3.37    0.00    0.00    0.00   95.51
11:52:23       2    0.00    0.00    4.44    0.00    0.00    4.44    0.00    0.00    0.00   91.11
11:52:23       3    0.00    0.00    1.12    0.00    0.00    4.49    0.00    0.00    0.00   94.38

11:52:23     CPU    %usr   %nice    %sys %iowait    %irq   %soft  %steal  %guest  %gnice   %idle
11:52:24     all    0.00    0.00    1.08    0.00    0.00   30.62    0.00    0.00    0.00   68.29
11:52:24       0    0.00    0.00    0.00    0.00    0.00  100.00    0.00    0.00    0.00    0.00
11:52:24       1    0.00    0.00    0.00    0.00    0.00    5.49    0.00    0.00    0.00   94.51
11:52:24       2    0.00    0.00    3.41    0.00    0.00    3.41    0.00    0.00    0.00   93.18
11:52:24       3    0.00    0.00    1.11    0.00    0.00    5.56    0.00    0.00    0.00   93.33

11:52:24     CPU    %usr   %nice    %sys %iowait    %irq   %soft  %steal  %guest  %gnice   %idle
11:52:25     all    0.00    0.00    0.83    0.00    0.00   30.30    0.00    0.00    0.00   68.87
11:52:25       0    0.00    0.00    0.00    0.00    0.00  100.00    0.00    0.00    0.00    0.00
11:52:25       1    0.00    0.00    0.00    0.00    0.00    2.30    0.00    0.00    0.00   97.70
11:52:25       2    0.00    0.00    3.45    0.00    0.00    3.45    0.00    0.00    0.00   93.10
11:52:25       3    0.00    0.00    0.00    0.00    0.00    5.62    0.00    0.00    0.00   94.38

11:52:25     CPU    %usr   %nice    %sys %iowait    %irq   %soft  %steal  %guest  %gnice   %idle
11:52:26     all    0.00    0.00    1.36    0.00    0.00   30.43    0.00    0.00    0.00   68.21
11:52:26       0    0.00    0.00    0.00    0.00    0.00  100.00    0.00    0.00    0.00    0.00
11:52:26       1    0.00    0.00    0.00    0.00    0.00    4.49    0.00    0.00    0.00   95.51
11:52:26       2    0.00    0.00    5.49    0.00    0.00    4.40    0.00    0.00    0.00   90.11
11:52:26       3    0.00    0.00    0.00    0.00    0.00    4.55    0.00    0.00    0.00   95.45

11:52:26     CPU    %usr   %nice    %sys %iowait    %irq   %soft  %steal  %guest  %gnice   %idle
11:52:27     all    0.00    0.00    1.08    0.00    0.00   30.62    0.00    0.00    0.00   68.29
11:52:27       0    0.00    0.00    0.00    0.00    0.00  100.00    0.00    0.00    0.00    0.00
11:52:27       1    0.00    0.00    0.00    0.00    0.00    4.44    0.00    0.00    0.00   95.56
11:52:27       2    0.00    0.00    3.41    0.00    0.00    3.41    0.00    0.00    0.00   93.18
11:52:27       3    0.00    0.00    1.10    0.00    0.00    6.59    0.00    0.00    0.00   92.31

11:52:27     CPU    %usr   %nice    %sys %iowait    %irq   %soft  %steal  %guest  %gnice   %idle
11:52:28     all    0.00    0.00    0.82    0.00    0.00   29.97    0.00    0.00    0.00   69.21
11:52:28       0    0.00    0.00    0.00    0.00    0.00  100.00    0.00    0.00    0.00    0.00
11:52:28       1    0.00    0.00    0.00    0.00    0.00    3.37    0.00    0.00    0.00   96.63
11:52:28       2    0.00    0.00    3.33    0.00    0.00    4.44    0.00    0.00    0.00   92.22
11:52:28       3    0.00    0.00    0.00    0.00    0.00    3.41    0.00    0.00    0.00   96.59

11:52:28     CPU    %usr   %nice    %sys %iowait    %irq   %soft  %steal  %guest  %gnice   %idle
11:52:29     all    0.00    0.00    1.37    0.00    0.00   30.22    0.00    0.00    0.00   68.41
11:52:29       0    0.00    0.00    0.00    0.00    0.00  100.00    0.00    0.00    0.00    0.00
11:52:29       1    0.00    0.00    0.00    0.00    0.00    4.55    0.00    0.00    0.00   95.45
11:52:29       2    0.00    0.00    4.49    0.00    0.00    4.49    0.00    0.00    0.00   91.01
11:52:29       3    0.00    0.00    1.15    0.00    0.00    2.30    0.00    0.00    0.00   96.55

11:52:29     CPU    %usr   %nice    %sys %iowait    %irq   %soft  %steal  %guest  %gnice   %idle
11:52:30     all    0.00    0.00    1.35    0.00    0.00   30.81    0.00    0.00    0.00   67.84
11:52:30       0    0.00    0.00    0.00    0.00    0.00  100.00    0.00    0.00    0.00    0.00
11:52:30       1    0.00    0.00    1.11    0.00    0.00    3.33    0.00    0.00    0.00   95.56
11:52:30       2    0.00    0.00    4.40    0.00    0.00    5.49    0.00    0.00    0.00   90.11
11:52:30       3    0.00    0.00    0.00    0.00    0.00    6.74    0.00    0.00    0.00   93.26

11:52:30     CPU    %usr   %nice    %sys %iowait    %irq   %soft  %steal  %guest  %gnice   %idle
11:52:31     all    0.00    0.00    1.62    0.00    0.00   30.54    0.00    0.00    0.00   67.84
11:52:31       0    0.00    0.00    0.00    0.00    0.00  100.00    0.00    0.00    0.00    0.00
11:52:31       1    0.00    0.00    1.10    0.00    0.00    5.49    0.00    0.00    0.00   93.41
11:52:31       2    0.00    0.00    4.44    0.00    0.00    4.44    0.00    0.00    0.00   91.11
11:52:31       3    0.00    0.00    1.12    0.00    0.00    4.49    0.00    0.00    0.00   94.38

11:52:31     CPU    %usr   %nice    %sys %iowait    %irq   %soft  %steal  %guest  %gnice   %idle
11:52:32     all    0.00    0.00    1.10    0.27    0.00   29.95    0.00    0.00    0.00   68.68
11:52:32       0    0.00    0.00    0.00    0.00    0.00  100.00    0.00    0.00    0.00    0.00
11:52:32       1    0.00    0.00    0.00    1.14    0.00    3.41    0.00    0.00    0.00   95.45
11:52:32       2    0.00    0.00    4.49    0.00    0.00    4.49    0.00    0.00    0.00   91.01
11:52:32       3    0.00    0.00    0.00    0.00    0.00    2.30    0.00    0.00    0.00   97.70

11:52:32     CPU    %usr   %nice    %sys %iowait    %irq   %soft  %steal  %guest  %gnice   %idle
11:52:33     all    0.00    0.00    1.09    0.00    0.00   30.43    0.00    0.00    0.00   68.48
11:52:33       0    0.00    0.00    0.00    0.00    0.00  100.00    0.00    0.00    0.00    0.00
11:52:33       1    0.00    0.00    0.00    0.00    0.00    4.44    0.00    0.00    0.00   95.56
11:52:33       2    0.00    0.00    3.41    0.00    0.00    3.41    0.00    0.00    0.00   93.18
11:52:33       3    0.00    0.00    1.11    0.00    0.00    5.56    0.00    0.00    0.00   93.33

11:52:33     CPU    %usr   %nice    %sys %iowait    %irq   %soft  %steal  %guest  %gnice   %idle
11:52:34     all    0.27    0.00    0.82    0.00    0.00   29.95    0.00    0.00    0.00   68.96
11:52:34       0    0.00    0.00    0.00    0.00    0.00  100.00    0.00    0.00    0.00    0.00
11:52:34       1    0.00    0.00    0.00    0.00    0.00    3.41    0.00    0.00    0.00   96.59
11:52:34       2    1.12    0.00    3.37    0.00    0.00    2.25    0.00    0.00    0.00   93.26
11:52:34       3    0.00    0.00    0.00    0.00    0.00    4.60    0.00    0.00    0.00   95.40

Average:     CPU    %usr   %nice    %sys %iowait    %irq   %soft  %steal  %guest  %gnice   %idle
Average:     all    0.03    0.00    1.16    0.03    0.00   30.36    0.00    0.00    0.00   68.43
Average:       0    0.00    0.00    0.00    0.00    0.00  100.00    0.00    0.00    0.00    0.00
Average:       1    0.00    0.00    0.45    0.11    0.00    4.02    0.00    0.00    0.00   95.42
Average:       2    0.11    0.00    3.86    0.00    0.00    4.03    0.00    0.00    0.00   92.00
Average:       3    0.00    0.00    0.45    0.00    0.00    4.90    0.00    0.00    0.00   94.65
