Linux 6.12.47+rpt-rpi-v8 (host1) 	09/12/25 	_aarch64_	(4 CPU)

12:04:57     CPU    %usr   %nice    %sys %iowait    %irq   %soft  %steal  %guest  %gnice   %idle
12:04:58     all    0.00    0.00    0.68    0.00    0.00    5.08    0.00    0.00    0.00   94.24
12:04:58       0    0.00    0.00    0.00    0.00    0.00    2.78    0.00    0.00    0.00   97.22
12:04:58       1    0.00    0.00    0.00    0.00    0.00    5.33    0.00    0.00    0.00   94.67
12:04:58       2    0.00    0.00    1.35    0.00    0.00    9.46    0.00    0.00    0.00   89.19
12:04:58       3    0.00    0.00    1.35    0.00    0.00    2.70    0.00    0.00    0.00   95.95

12:04:58     CPU    %usr   %nice    %sys %iowait    %irq   %soft  %steal  %guest  %gnice   %idle
12:04:59     all    0.00    0.00    0.61    0.00    0.00   22.42    0.00    0.00    0.00   76.97
12:04:59       0    0.00    0.00    1.23    0.00    0.00    2.47    0.00    0.00    0.00   96.30
12:04:59       1    0.00    0.00    1.23    0.00    0.00    3.70    0.00    0.00    0.00   95.06
12:04:59       2    0.00    0.00    0.00    0.00    0.00    6.17    0.00    0.00    0.00   93.83
12:04:59       3    0.00    0.00    0.00    0.00    0.00   73.56    0.00    0.00    0.00   26.44

12:04:59     CPU    %usr   %nice    %sys %iowait    %irq   %soft  %steal  %guest  %gnice   %idle
12:05:00     all    0.00    0.00    0.62    0.00    0.00   18.94    0.00    0.00    0.00   80.43
12:05:00       0    0.00    0.00    1.25    0.00    0.00    5.00    0.00    0.00    0.00   93.75
12:05:00       1    0.00    0.00    0.00    0.00    0.00    2.53    0.00    0.00    0.00   97.47
12:05:00       2    0.00    0.00    1.28    0.00    0.00    1.28    0.00    0.00    0.00   97.44
12:05:00       3    0.00    0.00    0.00    0.00    0.00   63.53    0.00    0.00    0.00   36.47

12:05:00     CPU    %usr   %nice    %sys %iowait    %irq   %soft  %steal  %guest  %gnice   %idle
12:05:01     all    0.55    0.00    1.91    0.00    0.00   29.51    0.00    0.00    0.00   68.03
12:05:01       0    0.00    0.00    0.00    0.00    0.00  100.00    0.00    0.00    0.00    0.00
12:05:01       1    2.30    0.00    1.15    0.00    0.00    3.45    0.00    0.00    0.00   93.10
12:05:01       2    0.00    0.00    2.27    0.00    0.00    2.27    0.00    0.00    0.00   95.45
12:05:01       3    0.00    0.00    4.40    0.00    0.00    3.30    0.00    0.00    0.00   92.31

12:05:01     CPU    %usr   %nice    %sys %iowait    %irq   %soft  %steal  %guest  %gnice   %idle
12:05:02     all    0.27    0.00    0.55    0.00    0.00   29.12    0.00    0.00    0.00   70.05
12:05:02       0    0.00    0.00    0.00    0.00    0.00  100.00    0.00    0.00    0.00    0.00
12:05:02       1    1.12    0.00    1.12    0.00    0.00    1.12    0.00    0.00    0.00   96.63
12:05:02       2    0.00    0.00    0.00    0.00    0.00    2.30    0.00    0.00    0.00   97.70
12:05:02       3    0.00    0.00    1.14    0.00    0.00    3.41    0.00    0.00    0.00   95.45

12:05:02     CPU    %usr   %nice    %sys %iowait    %irq   %soft  %steal  %guest  %gnice   %idle
12:05:03     all    0.00    0.00    0.28    0.00    0.00   28.97    0.00    0.00    0.00   70.75
12:05:03       0    0.00    0.00    0.00    0.00    0.00  100.00    0.00    0.00    0.00    0.00
12:05:03       1    0.00    0.00    0.00    0.00    0.00    3.45    0.00    0.00    0.00   96.55
12:05:03       2    0.00    0.00    1.15    0.00    0.00    1.15    0.00    0.00    0.00   97.70
12:05:03       3    0.00    0.00    0.00    0.00    0.00    0.00    0.00    0.00    0.00  100.00

12:05:03     CPU    %usr   %nice    %sys %iowait    %irq   %soft  %steal  %guest  %gnice   %idle
12:05:04     all    0.00    0.00    0.28    0.00    0.00   29.44    0.00    0.00    0.00   70.28
12:05:04       0    0.00    0.00    0.00    0.00    0.00  100.00    0.00    0.00    0.00    0.00
12:05:04       1    0.00    0.00    0.00    0.00    0.00    2.33    0.00    0.00    0.00   97.67
12:05:04       2    0.00    0.00    1.14    0.00    0.00    2.27    0.00    0.00    0.00   96.59
12:05:04       3    0.00    0.00    0.00    0.00    0.00    2.33    0.00    0.00    0.00   97.67

12:05:04     CPU    %usr   %nice    %sys %iowait    %irq   %soft  %steal  %guest  %gnice   %idle
12:05:05     all    0.00    0.00    0.28    0.00    0.00   29.09    0.00    0.00    0.00   70.64
12:05:05       0    0.00    0.00    0.00    0.00    0.00  100.00    0.00    0.00    0.00    0.00
12:05:05       1    0.00    0.00    0.00    0.00    0.00    0.00    0.00    0.00    0.00  100.00
12:05:05       2    0.00    0.00    0.00    0.00    0.00    2.30    0.00    0.00    0.00   97.70
12:05:05       3    0.00    0.00    1.12    0.00    0.00    3.37    0.00    0.00    0.00   95.51

12:05:05     CPU    %usr   %nice    %sys %iowait    %irq   %soft  %steal  %guest  %gnice   %idle
12:05:06     all    0.27    0.00    0.27    0.00    0.00   29.59    0.00    0.00    0.00   69.86
12:05:06       0    0.00    0.00    0.00    0.00    0.00  100.00    0.00    0.00    0.00    0.00
12:05:06       1    0.00    0.00    0.00    0.00    0.00    3.41    0.00    0.00    0.00   96.59
12:05:06       2    0.00    0.00    1.12    0.00    0.00    2.25    0.00    0.00    0.00   96.63
12:05:06       3    1.14    0.00    0.00    0.00    0.00    3.41    0.00    0.00    0.00   95.45

12:05:06     CPU    %usr   %nice    %sys %iowait    %irq   %soft  %steal  %guest  %gnice   %idle
12:05:07     all    0.00    0.00    0.82    0.00    0.00   29.97    0.00    0.00    0.00   69.21
12:05:07       0    0.00    0.00    0.00    0.00    0.00  100.00    0.00    0.00    0.00    0.00
12:05:07       1    0.00    0.00    2.20    0.00    0.00    4.40    0.00    0.00    0.00   93.41
12:05:07       2    0.00    0.00    0.00    0.00    0.00    4.49    0.00    0.00    0.00   95.51
12:05:07       3    0.00    0.00    1.15    0.00    0.00    2.30    0.00    0.00    0.00   96.55

12:05:07     CPU    %usr   %nice    %sys %iowait    %irq   %soft  %steal  %guest  %gnice   %idle
12:05:08     all    0.00    0.00    0.55    0.00    0.00   29.48    0.00    0.00    0.00   69.97
12:05:08       0    0.00    0.00    0.00    0.00    0.00  100.00    0.00    0.00    0.00    0.00
12:05:08       1    0.00    0.00    0.00    0.00    0.00    3.45    0.00    0.00    0.00   96.55
12:05:08       2    0.00    0.00    1.14    0.00    0.00    2.27    0.00    0.00    0.00   96.59
12:05:08       3    0.00    0.00    1.14    0.00    0.00    2.27    0.00    0.00    0.00   96.59

12:05:08     CPU    %usr   %nice    %sys %iowait    %irq   %soft  %steal  %guest  %gnice   %idle
12:05:09     all    0.00    0.00    0.55    0.27    0.00   30.14    0.00    0.00    0.00   69.04
12:05:09       0    0.00    0.00    0.00    0.00    0.00  100.00    0.00    0.00    0.00    0.00
12:05:09       1    0.00    0.00    1.14    1.14    0.00    2.27    0.00    0.00    0.00   95.45
12:05:09       2    0.00    0.00    0.00    0.00    0.00    5.56    0.00    0.00    0.00   94.44
12:05:09       3    0.00    0.00    1.15    0.00    0.00    3.45    0.00    0.00    0.00   95.40

12:05:09     CPU    %usr   %nice    %sys %iowait    %irq   %soft  %steal  %guest  %gnice   %idle
12:05:10     all    0.27    0.00    0.27    0.00    0.00   29.70    0.00    0.00    0.00   69.75
12:05:10       0    0.00    0.00    0.00    0.00    0.00  100.00    0.00    0.00    0.00    0.00
12:05:10       1    0.00    0.00    1.14    0.00    0.00    2.27    0.00    0.00    0.00   96.59
12:05:10       2    0.00    0.00    0.00    0.00    0.00    3.37    0.00    0.00    0.00   96.63
12:05:10       3    1.11    0.00    0.00    0.00    0.00    4.44    0.00    0.00    0.00   94.44

12:05:10     CPU    %usr   %nice    %sys %iowait    %irq   %soft  %steal  %guest  %gnice   %idle
12:05:11     all    0.00    0.00    0.55    0.00    0.00   29.48    0.00    0.00    0.00   69.97
12:05:11       0    0.00    0.00    0.00    0.00    0.00  100.00    0.00    0.00    0.00    0.00
12:05:11       1    0.00    0.00    0.00    0.00    0.00    4.55    0.00    0.00    0.00   95.45
12:05:11       2    0.00    0.00    1.14    0.00    0.00    2.27    0.00    0.00    0.00   96.59
12:05:11       3    0.00    0.00    1.15    0.00    0.00    1.15    0.00    0.00    0.00   97.70

12:05:11     CPU    %usr   %nice    %sys %iowait    %irq   %soft  %steal  %guest  %gnice   %idle
12:05:12     all    0.00    0.00    0.28    0.00    0.00   29.48    0.00    0.00    0.00   70.25
12:05:12       0    0.00    0.00    0.00    0.00    0.00  100.00    0.00    0.00    0.00    0.00
12:05:12       1    0.00    0.00    1.12    0.00    0.00    2.25    0.00    0.00    0.00   96.63
12:05:12       2    0.00    0.00    0.00    0.00    0.00    4.49    0.00    0.00    0.00   95.51
12:05:12       3    0.00    0.00    0.00    0.00    0.00    1.18    0.00    0.00    0.00   98.82

12:05:12     CPU    %usr   %nice    %sys %iowait    %irq   %soft  %steal  %guest  %gnice   %idle
12:05:13     all    0.00    0.00    0.55    0.00    0.00   29.51    0.00    0.00    0.00   69.95
12:05:13       0    0.00    0.00    0.00    0.00    0.00  100.00    0.00    0.00    0.00    0.00
12:05:13       1    0.00    0.00    1.14    0.00    0.00    2.27    0.00    0.00    0.00   96.59
12:05:13       2    0.00    0.00    0.00    0.00    0.00    4.44    0.00    0.00    0.00   95.56
12:05:13       3    0.00    0.00    1.14    0.00    0.00    2.27    0.00    0.00    0.00   96.59

12:05:13     CPU    %usr   %nice    %sys %iowait    %irq   %soft  %steal  %guest  %gnice   %idle
12:05:14     all    0.00    0.00    0.28    0.00    0.00   29.72    0.00    0.00    0.00   70.00
12:05:14       0    0.00    0.00    0.00    0.00    0.00  100.00    0.00    0.00    0.00    0.00
12:05:14       1    0.00    0.00    1.15    0.00    0.00    3.45    0.00    0.00    0.00   95.40
12:05:14       2    0.00    0.00    0.00    0.00    0.00    2.30    0.00    0.00    0.00   97.70
12:05:14       3    0.00    0.00    0.00    0.00    0.00    2.33    0.00    0.00    0.00   97.67

12:05:14     CPU    %usr   %nice    %sys %iowait    %irq   %soft  %steal  %guest  %gnice   %idle
12:05:15     all    0.00    0.00    0.54    0.00    0.00   29.97    0.00    0.00    0.00   69.48
12:05:15       0    0.00    0.00    0.00    0.00    0.00  100.00    0.00    0.00    0.00    0.00
12:05:15       1    0.00    0.00    0.00    0.00    0.00    4.49    0.00    0.00    0.00   95.51
12:05:15       2    0.00    0.00    1.12    0.00    0.00    3.37    0.00    0.00    0.00   95.51
12:05:15       3    0.00    0.00    1.14    0.00    0.00    2.27    0.00    0.00    0.00   96.59

12:05:15     CPU    %usr   %nice    %sys %iowait    %irq   %soft  %steal  %guest  %gnice   %idle
12:05:16     all    0.00    0.00    0.54    0.00    0.00   30.25    0.00    0.00    0.00   69.21
12:05:16       0    0.00    0.00    0.00    0.00    0.00  100.00    0.00    0.00    0.00    0.00
12:05:16       1    0.00    0.00    1.09    0.00    0.00    6.52    0.00    0.00    0.00   92.39
12:05:16       2    0.00    0.00    0.00    0.00    0.00    2.30    0.00    0.00    0.00   97.70
12:05:16       3    0.00    0.00    1.14    0.00    0.00    3.41    0.00    0.00    0.00   95.45

12:05:16     CPU    %usr   %nice    %sys %iowait    %irq   %soft  %steal  %guest  %gnice   %idle
12:05:17     all    0.00    0.00    0.55    0.00    0.00   29.59    0.00    0.00    0.00   69.86
12:05:17       0    0.00    0.00    0.00    0.00    0.00  100.00    0.00    0.00    0.00    0.00
12:05:17       1    0.00    0.00    1.14    0.00    0.00    2.27    0.00    0.00    0.00   96.59
12:05:17       2    0.00    0.00    0.00    0.00    0.00    4.49    0.00    0.00    0.00   95.51
12:05:17       3    0.00    0.00    1.14    0.00    0.00    2.27    0.00    0.00    0.00   96.59

Average:     CPU    %usr   %nice    %sys %iowait    %irq   %soft  %steal  %guest  %gnice   %idle
Average:     all    0.07    0.00    0.55    0.01    0.00   27.76    0.00    0.00    0.00   71.60
Average:       0    0.00    0.00    0.10    0.00    0.00   88.37    0.00    0.00    0.00   11.53
Average:       1    0.17    0.00    0.69    0.06    0.00    3.18    0.00    0.00    0.00   95.90
Average:       2    0.00    0.00    0.58    0.00    0.00    3.40    0.00    0.00    0.00   96.02
Average:       3    0.12    0.00    0.86    0.00    0.00    9.11    0.00    0.00    0.00   89.91
