Linux 6.12.47+rpt-rpi-v8 (host1) 	09/12/25 	_aarch64_	(4 CPU)

12:12:01     CPU    %usr   %nice    %sys %iowait    %irq   %soft  %steal  %guest  %gnice   %idle
12:12:02     all    0.00    0.00    0.27    0.00    0.00   30.05    0.00    0.00    0.00   69.67
12:12:02       0    0.00    0.00    0.00    0.00    0.00    5.56    0.00    0.00    0.00   94.44
12:12:02       1    0.00    0.00    1.14    0.00    0.00    2.27    0.00    0.00    0.00   96.59
12:12:02       2    0.00    0.00    0.00    0.00    0.00  100.00    0.00    0.00    0.00    0.00
12:12:02       3    0.00    0.00    0.00    0.00    0.00    3.41    0.00    0.00    0.00   96.59

12:12:02     CPU    %usr   %nice    %sys %iowait    %irq   %soft  %steal  %guest  %gnice   %idle
12:12:03     all    0.00    0.00    0.55    0.00    0.00   29.95    0.00    0.00    0.00   69.51
12:12:03       0    0.00    0.00    0.00    0.00    0.00    2.30    0.00    0.00    0.00   97.70
12:12:03       1    0.00    0.00    0.00    0.00    0.00    4.55    0.00    0.00    0.00   95.45
12:12:03       2    0.00    0.00    0.00    0.00    0.00  100.00    0.00    0.00    0.00    0.00
12:12:03       3    0.00    0.00    2.25    0.00    0.00    3.37    0.00    0.00    0.00   94.38

12:12:03     CPU    %usr   %nice    %sys %iowait    %irq   %soft  %steal  %guest  %gnice   %idle
12:12:04     all    0.00    0.00    0.82    0.00    0.00   29.89    0.00    0.00    0.00   69.29
12:12:04       0    0.00    0.00    1.12    0.00    0.00    3.37    0.00    0.00    0.00   95.51
12:12:04       1    0.00    0.00    1.11    0.00    0.00    4.44    0.00    0.00    0.00   94.44
12:12:04       2    0.00    0.00    0.00    0.00    0.00  100.00    0.00    0.00    0.00    0.00
12:12:04       3    0.00    0.00    1.12    0.00    0.00    3.37    0.00    0.00    0.00   95.51

12:12:04     CPU    %usr   %nice    %sys %iowait    %irq   %soft  %steal  %guest  %gnice   %idle
12:12:05     all    0.00    0.00    1.10    0.00    0.00   28.65    0.00    0.00    0.00   70.25
12:12:05       0    0.00    0.00    2.27    0.00    0.00    1.14    0.00    0.00    0.00   96.59
12:12:05       1    0.00    0.00    1.15    0.00    0.00    1.15    0.00    0.00    0.00   97.70
12:12:05       2    0.00    0.00    0.00    0.00    0.00  100.00    0.00    0.00    0.00    0.00
12:12:05       3    0.00    0.00    1.14    0.00    0.00    2.27    0.00    0.00    0.00   96.59

12:12:05     CPU    %usr   %nice    %sys %iowait    %irq   %soft  %steal  %guest  %gnice   %idle
12:12:06     all    0.00    0.00    0.00    0.00    0.00   29.56    0.00    0.00    0.00   70.44
12:12:06       0    0.00    0.00    0.00    0.00    0.00    2.30    0.00    0.00    0.00   97.70
12:12:06       1    0.00    0.00    0.00    0.00    0.00    2.30    0.00    0.00    0.00   97.70
12:12:06       2    0.00    0.00    0.00    0.00    0.00  100.00    0.00    0.00    0.00    0.00
12:12:06       3    0.00    0.00    0.00    0.00    0.00    3.41    0.00    0.00    0.00   96.59

12:12:06     CPU    %usr   %nice    %sys %iowait    %irq   %soft  %steal  %guest  %gnice   %idle
12:12:07     all    0.00    0.00    1.09    1.37    0.00   29.51    0.00    0.00    0.00   68.03
12:12:07       0    0.00    0.00    1.14    2.27    0.00    2.27    0.00    0.00    0.00   94.32
12:12:07       1    0.00    0.00    2.22    3.33    0.00    4.44    0.00    0.00    0.00   90.00
12:12:07       2    0.00    0.00    0.00    0.00    0.00  100.00    0.00    0.00    0.00    0.00
12:12:07       3    0.00    0.00    1.14    0.00    0.00    2.27    0.00    0.00    0.00   96.59

12:12:07     CPU    %usr   %nice    %sys %iowait    %irq   %soft  %steal  %guest  %gnice   %idle
12:12:08     all    0.27    0.00    0.27    0.00    0.00   29.40    0.00    0.00    0.00   70.05
12:12:08       0    1.12    0.00    0.00    0.00    0.00    3.37    0.00    0.00    0.00   95.51
12:12:08       1    0.00    0.00    1.15    0.00    0.00    2.30    0.00    0.00    0.00   96.55
12:12:08       2    0.00    0.00    0.00    0.00    0.00  100.00    0.00    0.00    0.00    0.00
12:12:08       3    0.00    0.00    0.00    0.00    0.00    2.27    0.00    0.00    0.00   97.73

12:12:08     CPU    %usr   %nice    %sys %iowait    %irq   %soft  %steal  %guest  %gnice   %idle
12:12:09     all    0.00    0.00    0.27    0.00    0.00   30.41    0.00    0.00    0.00   69.32
12:12:09       0    0.00    0.00    1.14    0.00    0.00    2.27    0.00    0.00    0.00   96.59
12:12:09       1    0.00    0.00    0.00    0.00    0.00    4.55    0.00    0.00    0.00   95.45
12:12:09       2    0.00    0.00    0.00    0.00    0.00  100.00    0.00    0.00    0.00    0.00
12:12:09       3    0.00    0.00    0.00    0.00    0.00    5.62    0.00    0.00    0.00   94.38

12:12:09     CPU    %usr   %nice    %sys %iowait    %irq   %soft  %steal  %guest  %gnice   %idle
12:12:10     all    0.00    0.00    0.28    0.00    0.00   29.01    0.00    0.00    0.00   70.72
12:12:10       0    0.00    0.00    0.00    0.00    0.00    1.15    0.00    0.00    0.00   98.85
12:12:10       1    0.00    0.00    1.15    0.00    0.00    2.30    0.00    0.00    0.00   96.55
12:12:10       2    0.00    0.00    0.00    0.00    0.00  100.00    0.00    0.00    0.00    0.00
12:12:10       3    0.00    0.00    0.00    0.00    0.00    2.27    0.00    0.00    0.00   97.73

12:12:10     CPU    %usr   %nice    %sys %iowait    %irq   %soft  %steal  %guest  %gnice   %idle
12:12:11     all    0.00    0.00    0.00    0.00    0.00   30.03    0.00    0.00    0.00   69.97
12:12:11       0    0.00    0.00    0.00    0.00    0.00    2.33    0.00    0.00    0.00   97.67
12:12:11       1    0.00    0.00    0.00    0.00    0.00    4.49    0.00    0.00    0.00   95.51
12:12:11       2    0.00    0.00    0.00    0.00    0.00  100.00    0.00    0.00    0.00    0.00
12:12:11       3    0.00    0.00    0.00    0.00    0.00    3.41    0.00    0.00    0.00   96.59

12:12:11     CPU    %usr   %nice    %sys %iowait    %irq   %soft  %steal  %guest  %gnice   %idle
12:12:12     all    0.00    0.00    1.09    1.09    0.00   29.89    0.00    0.00    0.00   67.93
12:12:12       0    0.00    0.00    2.20    0.00    0.00    4.40    0.00    0.00    0.00   93.41
12:12:12       1    0.00    0.00    1.12    4.49    0.00    4.49    0.00    0.00    0.00   89.89
12:12:12       2    0.00    0.00    0.00    0.00    0.00  100.00    0.00    0.00    0.00    0.00
12:12:12       3    0.00    0.00    1.14    0.00    0.00    2.27    0.00    0.00    0.00   96.59

12:12:12     CPU    %usr   %nice    %sys %iowait    %irq   %soft  %steal  %guest  %gnice   %idle
12:12:13     all    0.00    0.00    0.00    0.00    0.00   30.52    0.00    0.00    0.00   69.48
12:12:13       0    0.00    0.00    0.00    0.00    0.00    5.56    0.00    0.00    0.00   94.44
12:12:13       1    0.00    0.00    0.00    0.00    0.00    3.41    0.00    0.00    0.00   96.59
12:12:13       2    0.00    0.00    0.00    0.00    0.00  100.00    0.00    0.00    0.00    0.00
12:12:13       3    0.00    0.00    0.00    0.00    0.00    4.49    0.00    0.00    0.00   95.51

12:12:13     CPU    %usr   %nice    %sys %iowait    %irq   %soft  %steal  %guest  %gnice   %idle
12:12:14     all    0.00    0.00    0.54    0.00    0.00   30.52    0.00    0.00    0.00   68.94
12:12:14       0    0.00    0.00    1.14    0.00    0.00    2.27    0.00    0.00    0.00   96.59
12:12:14       1    0.00    0.00    1.10    0.00    0.00    6.59    0.00    0.00    0.00   92.31
12:12:14       2    0.00    0.00    0.00    0.00    0.00  100.00    0.00    0.00    0.00    0.00
12:12:14       3    0.00    0.00    0.00    0.00    0.00    4.55    0.00    0.00    0.00   95.45

12:12:14     CPU    %usr   %nice    %sys %iowait    %irq   %soft  %steal  %guest  %gnice   %idle
12:12:15     all    0.00    0.00    0.54    0.00    0.00   30.35    0.00    0.00    0.00   69.11
12:12:15       0    0.00    0.00    1.11    0.00    0.00    4.44    0.00    0.00    0.00   94.44
12:12:15       1    0.00    0.00    1.11    0.00    0.00    4.44    0.00    0.00    0.00   94.44
12:12:15       2    0.00    0.00    0.00    0.00    0.00  100.00    0.00    0.00    0.00    0.00
12:12:15       3    0.00    0.00    0.00    0.00    0.00    4.49    0.00    0.00    0.00   95.51

12:12:15     CPU    %usr   %nice    %sys %iowait    %irq   %soft  %steal  %guest  %gnice   %idle
12:12:16     all    0.00    0.00    0.54    0.00    0.00   30.16    0.00    0.00    0.00   69.29
12:12:16       0    0.00    0.00    1.12    0.00    0.00    3.37    0.00    0.00    0.00   95.51
12:12:16       1    0.00    0.00    0.00    0.00    0.00    3.41    0.00    0.00    0.00   96.59
12:12:16       2    0.00    0.00    0.00    0.00    0.00  100.00    0.00    0.00    0.00    0.00
12:12:16       3    0.00    0.00    1.10    0.00    0.00    5.49    0.00    0.00    0.00   93.41

12:12:16     CPU    %usr   %nice    %sys %iowait    %irq   %soft  %steal  %guest  %gnice   %idle
12:12:17     all    0.00    0.00    0.82    0.00    0.00   29.70    0.00    0.00    0.00   69.48
12:12:17       0    0.00    0.00    1.10    0.00    0.00    5.49    0.00    0.00    0.00   93.41
12:12:17       1    0.00    0.00    2.25    0.00    0.00    2.25    0.00    0.00    0.00   95.51
12:12:17       2    0.00    0.00    0.00    0.00    0.00  100.00    0.00    0.00    0.00    0.00
12:12:17       3    0.00    0.00    0.00    0.00    0.00    2.30    0.00    0.00    0.00   97.70

12:12:17     CPU    %usr   %nice    %sys %iowait    %irq   %soft  %steal  %guest  %gnice   %idle
12:12:18     all    0.00    0.00    0.00    0.82    0.00   30.60    0.00    0.00    0.00   68.58
12:12:18       0    0.00    0.00    0.00    0.00    0.00    2.30    0.00    0.00    0.00   97.70
12:12:18       1    0.00    0.00    0.00    3.37    0.00    4.49    0.00    0.00    0.00   92.13
12:12:18       2    0.00    0.00    0.00    0.00    0.00  100.00    0.00    0.00    0.00    0.00
12:12:18       3    0.00    0.00    0.00    0.00    0.00    6.67    0.00    0.00    0.00   93.33

12:12:18     CPU    %usr   %nice    %sys %iowait    %irq   %soft  %steal  %guest  %gnice   %idle
12:12:19     all    0.00    0.00    1.97    0.00    0.00   14.80    0.00    0.00    0.00   83.22
12:12:19       0    0.00    0.00    2.70    0.00    0.00    1.35    0.00    0.00    0.00   95.95
12:12:19       1    0.00    0.00    1.33    0.00    0.00    4.00    0.00    0.00    0.00   94.67
12:12:19       2    0.00    0.00    1.27    0.00    0.00   49.37    0.00    0.00    0.00   49.37
12:12:19       3    0.00    0.00    2.63    0.00    0.00    2.63    0.00    0.00    0.00   94.74

12:12:19     CPU    %usr   %nice    %sys %iowait    %irq   %soft  %steal  %guest  %gnice   %idle
12:12:20     all    0.00    0.00    0.39    0.00    0.00    3.88    0.00    0.00    0.00   95.74
12:12:20       0    0.00    0.00    0.00    0.00    0.00    6.06    0.00    0.00    0.00   93.94
12:12:20       1    0.00    0.00    0.00    0.00    0.00    4.62    0.00    0.00    0.00   95.38
12:12:20       2    0.00    0.00    0.00    0.00    0.00    3.12    0.00    0.00    0.00   96.88
12:12:20       3    0.00    0.00    1.59    0.00    0.00    1.59    0.00    0.00    0.00   96.83

12:12:20     CPU    %usr   %nice    %sys %iowait    %irq   %soft  %steal  %guest  %gnice   %idle
12:12:21     all    0.37    0.00    0.75    0.00    0.00    6.72    0.00    0.00    0.00   92.16
12:12:21       0    1.47    0.00    1.47    0.00    0.00    2.94    0.00    0.00    0.00   94.12
12:12:21       1    0.00    0.00    0.00    0.00    0.00    1.54    0.00    0.00    0.00   98.46
12:12:21       2    0.00    0.00    0.00    0.00    0.00   19.40    0.00    0.00    0.00   80.60
12:12:21       3    0.00    0.00    1.47    0.00    0.00    2.94    0.00    0.00    0.00   95.59

12:12:21     CPU    %usr   %nice    %sys %iowait    %irq   %soft  %steal  %guest  %gnice   %idle
12:12:22     all    0.00    0.00    0.55    0.00    0.00   29.67    0.00    0.00    0.00   69.78
12:12:22       0    0.00    0.00    1.12    0.00    0.00    3.37    0.00    0.00    0.00   95.51
12:12:22       1    0.00    0.00    0.00    0.00    0.00    3.41    0.00    0.00    0.00   96.59
12:12:22       2    0.00    0.00    0.00    0.00    0.00  100.00    0.00    0.00    0.00    0.00
12:12:22       3    0.00    0.00    1.15    0.00    0.00    2.30    0.00    0.00    0.00   96.55

12:12:22     CPU    %usr   %nice    %sys %iowait    %irq   %soft  %steal  %guest  %gnice   %idle
12:12:23     all    0.00    0.00    0.27    0.00    0.00   29.67    0.00    0.00    0.00   70.05
12:12:23       0    0.00    0.00    0.00    0.00    0.00    2.30    0.00    0.00    0.00   97.70
12:12:23       1    0.00    0.00    1.10    0.00    0.00    5.49    0.00    0.00    0.00   93.41
12:12:23       2    0.00    0.00    0.00    0.00    0.00  100.00    0.00    0.00    0.00    0.00
12:12:23       3    0.00    0.00    0.00    0.00    0.00    1.16    0.00    0.00    0.00   98.84

12:12:23     CPU    %usr   %nice    %sys %iowait    %irq   %soft  %steal  %guest  %gnice   %idle
12:12:24     all    0.00    0.00    0.28    0.55    0.00   30.03    0.00    0.00    0.00   69.15
12:12:24       0    0.00    0.00    1.12    0.00    0.00    3.37    0.00    0.00    0.00   95.51
12:12:24       1    0.00    0.00    0.00    2.35    0.00    2.35    0.00    0.00    0.00   95.29
12:12:24       2    0.00    0.00    0.00    0.00    0.00  100.00    0.00    0.00    0.00    0.00
12:12:24       3    0.00    0.00    0.00    0.00    0.00    4.49    0.00    0.00    0.00   95.51

12:12:24     CPU    %usr   %nice    %sys %iowait    %irq   %soft  %steal  %guest  %gnice   %idle
12:12:25     all    0.00    0.00    0.55    0.00    0.00   29.86    0.00    0.00    0.00   69.59
12:12:25       0    0.00    0.00    1.12    0.00    0.00    3.37    0.00    0.00    0.00   95.51
12:12:25       1    0.00    0.00    1.14    0.00    0.00    3.41    0.00    0.00    0.00   95.45
12:12:25       2    0.00    0.00    0.00    0.00    0.00  100.00    0.00    0.00    0.00    0.00
12:12:25       3    0.00    0.00    0.00    0.00    0.00    3.41    0.00    0.00    0.00   96.59

12:12:25     CPU    %usr   %nice    %sys %iowait    %irq   %soft  %steal  %guest  %gnice   %idle
12:12:26     all    0.00    0.00    1.09    0.00    0.00   29.23    0.00    0.00    0.00   69.67
12:12:26       0    0.00    0.00    0.00    0.00    0.00    2.30    0.00    0.00    0.00   97.70
12:12:26       1    0.00    0.00    2.25    0.00    0.00    2.25    0.00    0.00    0.00   95.51
12:12:26       2    0.00    0.00    0.00    0.00    0.00  100.00    0.00    0.00    0.00    0.00
12:12:26       3    0.00    0.00    2.22    0.00    0.00    3.33    0.00    0.00    0.00   94.44

12:12:26     CPU    %usr   %nice    %sys %iowait    %irq   %soft  %steal  %guest  %gnice   %idle
12:12:27     all    0.00    0.00    0.00    0.00    0.00   29.95    0.00    0.00    0.00   70.05
12:12:27       0    0.00    0.00    0.00    0.00    0.00    3.41    0.00    0.00    0.00   96.59
12:12:27       1    0.00    0.00    0.00    0.00    0.00    4.49    0.00    0.00    0.00   95.51
12:12:27       2    0.00    0.00    0.00    0.00    0.00  100.00    0.00    0.00    0.00    0.00
12:12:27       3    0.00    0.00    0.00    0.00    0.00    2.30    0.00    0.00    0.00   97.70

12:12:27     CPU    %usr   %nice    %sys %iowait    %irq   %soft  %steal  %guest  %gnice   %idle
12:12:28     all    0.00    0.00    0.27    0.00    0.00   29.67    0.00    0.00    0.00   70.05
12:12:28       0    0.00    0.00    1.16    0.00    0.00    0.00    0.00    0.00    0.00   98.84
12:12:28       1    0.00    0.00    0.00    0.00    0.00    4.49    0.00    0.00    0.00   95.51
12:12:28       2    0.00    0.00    0.00    0.00    0.00  100.00    0.00    0.00    0.00    0.00
12:12:28       3    0.00    0.00    0.00    0.00    0.00    4.49    0.00    0.00    0.00   95.51

12:12:28     CPU    %usr   %nice    %sys %iowait    %irq   %soft  %steal  %guest  %gnice   %idle
12:12:29     all    0.00    0.00    0.28    0.00    0.00   29.75    0.00    0.00    0.00   69.97
12:12:29       0    0.00    0.00    1.12    0.00    0.00    3.37    0.00    0.00    0.00   95.51
12:12:29       1    0.00    0.00    0.00    0.00    0.00    4.55    0.00    0.00    0.00   95.45
12:12:29       2    0.00    0.00    0.00    0.00    0.00  100.00    0.00    0.00    0.00    0.00
12:12:29       3    0.00    0.00    0.00    0.00    0.00    1.16    0.00    0.00    0.00   98.84

12:12:29     CPU    %usr   %nice    %sys %iowait    %irq   %soft  %steal  %guest  %gnice   %idle
12:12:30     all    0.00    0.00    0.82    1.10    0.00   29.32    0.00    0.00    0.00   68.77
12:12:30       0    0.00    0.00    1.15    0.00    0.00    1.15    0.00    0.00    0.00   97.70
12:12:30       1    0.00    0.00    1.12    4.49    0.00    3.37    0.00    0.00    0.00   91.01
12:12:30       2    0.00    0.00    0.00    0.00    0.00  100.00    0.00    0.00    0.00    0.00
12:12:30       3    0.00    0.00    1.12    0.00    0.00    3.37    0.00    0.00    0.00   95.51

12:12:30     CPU    %usr   %nice    %sys %iowait    %irq   %soft  %steal  %guest  %gnice   %idle
12:12:31     all    0.00    0.00    0.55    0.00    0.00   29.78    0.00    0.00    0.00   69.67
12:12:31       0    0.00    0.00    1.11    0.00    0.00    3.33    0.00    0.00    0.00   95.56
12:12:31       1    0.00    0.00    1.14    0.00    0.00    3.41    0.00    0.00    0.00   95.45
12:12:31       2    0.00    0.00    0.00    0.00    0.00  100.00    0.00    0.00    0.00    0.00
12:12:31       3    0.00    0.00    0.00    0.00    0.00    3.41    0.00    0.00    0.00   96.59

12:12:31     CPU    %usr   %nice    %sys %iowait    %irq   %soft  %steal  %guest  %gnice   %idle
12:12:32     all    0.00    0.00    0.28    0.00    0.00   29.75    0.00    0.00    0.00   69.97
12:12:32       0    0.00    0.00    1.15    0.00    0.00    1.15    0.00    0.00    0.00   97.70
12:12:32       1    0.00    0.00    0.00    0.00    0.00    2.30    0.00    0.00    0.00   97.70
12:12:32       2    0.00    0.00    0.00    0.00    0.00  100.00    0.00    0.00    0.00    0.00
12:12:32       3    0.00    0.00    0.00    0.00    0.00    5.62    0.00    0.00    0.00   94.38

12:12:32     CPU    %usr   %nice    %sys %iowait    %irq   %soft  %steal  %guest  %gnice   %idle
12:12:33     all    0.00    0.00    0.82    0.00    0.00   29.32    0.00    0.00    0.00   69.86
12:12:33       0    0.00    0.00    1.14    0.00    0.00    2.27    0.00    0.00    0.00   96.59
12:12:33       1    0.00    0.00    1.14    0.00    0.00    2.27    0.00    0.00    0.00   96.59
12:12:33       2    0.00    0.00    0.00    0.00    0.00  100.00    0.00    0.00    0.00    0.00
12:12:33       3    0.00    0.00    1.12    0.00    0.00    3.37    0.00    0.00    0.00   95.51

12:12:33     CPU    %usr   %nice    %sys %iowait    %irq   %soft  %steal  %guest  %gnice   %idle
12:12:34     all    0.00    0.00    0.27    0.00    0.00   29.67    0.00    0.00    0.00   70.05
12:12:34       0    0.00    0.00    0.00    0.00    0.00    2.30    0.00    0.00    0.00   97.70
12:12:34       1    0.00    0.00    1.12    0.00    0.00    3.37    0.00    0.00    0.00   95.51
12:12:34       2    0.00    0.00    0.00    0.00    0.00  100.00    0.00    0.00    0.00    0.00
12:12:34       3    0.00    0.00    0.00    0.00    0.00    3.41    0.00    0.00    0.00   96.59

12:12:34     CPU    %usr   %nice    %sys %iowait    %irq   %soft  %steal  %guest  %gnice   %idle
12:12:35     all    0.00    0.00    0.55    0.00    0.00   30.05    0.00    0.00    0.00   69.40
12:12:35       0    0.00    0.00    1.12    0.00    0.00    3.37    0.00    0.00    0.00   95.51
12:12:35       1    0.00    0.00    0.00    0.00    0.00    3.45    0.00    0.00    0.00   96.55
12:12:35       2    0.00    0.00    0.00    0.00    0.00  100.00    0.00    0.00    0.00    0.00
12:12:35       3    0.00    0.00    1.11    0.00    0.00    4.44    0.00    0.00    0.00   94.44

12:12:35     CPU    %usr   %nice    %sys %iowait    %irq   %soft  %steal  %guest  %gnice   %idle
12:12:36     all    0.27    0.00    0.55    1.37    0.00   29.86    0.00    0.00    0.00   67.95
12:12:36       0    1.11    0.00    1.11    0.00    0.00    3.33    0.00    0.00    0.00   94.44
12:12:36       1    0.00    0.00    1.14    5.68    0.00    3.41    0.00    0.00    0.00   89.77
12:12:36       2    0.00    0.00    0.00    0.00    0.00  100.00    0.00    0.00    0.00    0.00
12:12:36       3    0.00    0.00    0.00    0.00    0.00    3.45    0.00    0.00    0.00   96.55

12:12:36     CPU    %usr   %nice    %sys %iowait    %irq   %soft  %steal  %guest  %gnice   %idle
12:12:37     all    0.00    0.00    0.00    0.00    0.00   29.75    0.00    0.00    0.00   70.25
12:12:37       0    0.00    0.00    0.00    0.00    0.00    3.45    0.00    0.00    0.00   96.55
12:12:37       1    0.00    0.00    0.00    0.00    0.00    2.30    0.00    0.00    0.00   97.70
12:12:37       2    0.00    0.00    0.00    0.00    0.00  100.00    0.00    0.00    0.00    0.00
12:12:37       3    0.00    0.00    0.00    0.00    0.00    3.37    0.00    0.00    0.00   96.63

12:12:37     CPU    %usr   %nice    %sys %iowait    %irq   %soft  %steal  %guest  %gnice   %idle
12:12:38     all    0.00    0.00    0.55    0.00    0.00   29.48    0.00    0.00    0.00   69.97
12:12:38       0    0.00    0.00    1.14    0.00    0.00    2.27    0.00    0.00    0.00   96.59
12:12:38       1    0.00    0.00    1.11    0.00    0.00    4.44    0.00    0.00    0.00   94.44
12:12:38       2    0.00    0.00    0.00    0.00    0.00  100.00    0.00    0.00    0.00    0.00
12:12:38       3    0.00    0.00    0.00    0.00    0.00    1.18    0.00    0.00    0.00   98.82

12:12:38     CPU    %usr   %nice    %sys %iowait    %irq   %soft  %steal  %guest  %gnice   %idle
12:12:39     all    0.00    0.00    0.27    0.00    0.00   29.59    0.00    0.00    0.00   70.14
12:12:39       0    0.00    0.00    1.12    0.00    0.00    2.25    0.00    0.00    0.00   96.63
12:12:39       1    0.00    0.00    0.00    0.00    0.00    2.30    0.00    0.00    0.00   97.70
12:12:39       2    0.00    0.00    0.00    0.00    0.00  100.00    0.00    0.00    0.00    0.00
12:12:39       3    0.00    0.00    0.00    0.00    0.00    4.49    0.00    0.00    0.00   95.51

12:12:39     CPU    %usr   %nice    %sys %iowait    %irq   %soft  %steal  %guest  %gnice   %idle
12:12:40     all    0.00    0.00    0.28    0.00    0.00   29.36    0.00    0.00    0.00   70.36
12:12:40       0    0.00    0.00    0.00    0.00    0.00    1.16    0.00    0.00    0.00   98.84
12:12:40       1    0.00    0.00    1.15    0.00    0.00    2.30    0.00    0.00    0.00   96.55
12:12:40       2    0.00    0.00    0.00    0.00    0.00  100.00    0.00    0.00    0.00    0.00
12:12:40       3    0.00    0.00    0.00    0.00    0.00    3.41    0.00    0.00    0.00   96.59

12:12:40     CPU    %usr   %nice    %sys %iowait    %irq   %soft  %steal  %guest  %gnice   %idle
12:12:41     all    0.00    0.00    0.83    0.83    0.00   29.20    0.00    0.00    0.00   69.15
12:12:41       0    0.00    0.00    1.12    0.00    0.00    3.37    0.00    0.00    0.00   95.51
12:12:41       1    0.00    0.00    1.15    3.45    0.00    1.15    0.00    0.00    0.00   94.25
12:12:41       2    0.00    0.00    0.00    0.00    0.00  100.00    0.00    0.00    0.00    0.00
12:12:41       3    0.00    0.00    1.15    0.00    0.00    2.30    0.00    0.00    0.00   96.55

12:12:41     CPU    %usr   %nice    %sys %iowait    %irq   %soft  %steal  %guest  %gnice   %idle
12:12:42     all    0.00    0.00    0.55    0.00    0.00   29.59    0.00    0.00    0.00   69.86
12:12:42       0    0.00    0.00    1.12    0.00    0.00    3.37    0.00    0.00    0.00   95.51
12:12:42       1    0.00    0.00    0.00    0.00    0.00    2.30    0.00    0.00    0.00   97.70
12:12:42       2    0.00    0.00    0.00    0.00    0.00  100.00    0.00    0.00    0.00    0.00
12:12:42       3    0.00    0.00    1.12    0.00    0.00    3.37    0.00    0.00    0.00   95.51

12:12:42     CPU    %usr   %nice    %sys %iowait    %irq   %soft  %steal  %guest  %gnice   %idle
12:12:43     all    0.00    0.00    0.55    0.00    0.00   29.20    0.00    0.00    0.00   70.25
12:12:43       0    0.00    0.00    1.14    0.00    0.00    2.27    0.00    0.00    0.00   96.59
12:12:43       1    0.00    0.00    1.15    0.00    0.00    2.30    0.00    0.00    0.00   96.55
12:12:43       2    0.00    0.00    0.00    0.00    0.00  100.00    0.00    0.00    0.00    0.00
12:12:43       3    0.00    0.00    0.00    0.00    0.00    1.15    0.00    0.00    0.00   98.85

12:12:43     CPU    %usr   %nice    %sys %iowait    %irq   %soft  %steal  %guest  %gnice   %idle
12:12:44     all    0.27    0.00    0.27    0.00    0.00   29.86    0.00    0.00    0.00   69.59
12:12:44       0    1.15    0.00    0.00    0.00    0.00    1.15    0.00    0.00    0.00   97.70
12:12:44       1    0.00    0.00    0.00    0.00    0.00    3.41    0.00    0.00    0.00   96.59
12:12:44       2    0.00    0.00    0.00    0.00    0.00  100.00    0.00    0.00    0.00    0.00
12:12:44       3    0.00    0.00    1.11    0.00    0.00    5.56    0.00    0.00    0.00   93.33

12:12:44     CPU    %usr   %nice    %sys %iowait    %irq   %soft  %steal  %guest  %gnice   %idle
12:12:45     all    0.00    0.00    0.27    0.00    0.00   29.67    0.00    0.00    0.00   70.05
12:12:45       0    0.00    0.00    1.12    0.00    0.00    3.37    0.00    0.00    0.00   95.51
12:12:45       1    0.00    0.00    0.00    0.00    0.00    3.41    0.00    0.00    0.00   96.59
12:12:45       2    0.00    0.00    0.00    0.00    0.00  100.00    0.00    0.00    0.00    0.00
12:12:45       3    0.00    0.00    0.00    0.00    0.00    2.30    0.00    0.00    0.00   97.70

12:12:45     CPU    %usr   %nice    %sys %iowait    %irq   %soft  %steal  %guest  %gnice   %idle
12:12:46     all    0.00    0.00    0.27    0.00    0.00   29.67    0.00    0.00    0.00   70.05
12:12:46       0    0.00    0.00    0.00    0.00    0.00    3.37    0.00    0.00    0.00   96.63
12:12:46       1    0.00    0.00    1.14    0.00    0.00    3.41    0.00    0.00    0.00   95.45
12:12:46       2    0.00    0.00    0.00    0.00    0.00  100.00    0.00    0.00    0.00    0.00
12:12:46       3    0.00    0.00    0.00    0.00    0.00    2.30    0.00    0.00    0.00   97.70

12:12:46     CPU    %usr   %nice    %sys %iowait    %irq   %soft  %steal  %guest  %gnice   %idle
12:12:47     all    0.00    0.00    0.27    0.82    0.00   29.67    0.00    0.00    0.00   69.23
12:12:47       0    0.00    0.00    0.00    0.00    0.00    3.41    0.00    0.00    0.00   96.59
12:12:47       1    0.00    0.00    0.00    3.45    0.00    2.30    0.00    0.00    0.00   94.25
12:12:47       2    0.00    0.00    0.00    0.00    0.00  100.00    0.00    0.00    0.00    0.00
12:12:47       3    0.00    0.00    1.12    0.00    0.00    3.37    0.00    0.00    0.00   95.51

12:12:47     CPU    %usr   %nice    %sys %iowait    %irq   %soft  %steal  %guest  %gnice   %idle
12:12:48     all    0.00    0.00    0.55    0.00    0.00   29.40    0.00    0.00    0.00   70.05
12:12:48       0    0.00    0.00    0.00    0.00    0.00    2.30    0.00    0.00    0.00   97.70
12:12:48       1    0.00    0.00    1.14    0.00    0.00    2.27    0.00    0.00    0.00   96.59
12:12:48       2    0.00    0.00    0.00    0.00    0.00  100.00    0.00    0.00    0.00    0.00
12:12:48       3    0.00    0.00    1.12    0.00    0.00    3.37    0.00    0.00    0.00   95.51

12:12:48     CPU    %usr   %nice    %sys %iowait    %irq   %soft  %steal  %guest  %gnice   %idle
12:12:49     all    0.00    0.00    0.55    0.00    0.00   29.67    0.00    0.00    0.00   69.78
12:12:49       0    0.00    0.00    1.16    0.00    0.00    1.16    0.00    0.00    0.00   97.67
12:12:49       1    0.00    0.00    1.10    0.00    0.00    5.49    0.00    0.00    0.00   93.41
12:12:49       2    0.00    0.00    0.00    0.00    0.00  100.00    0.00    0.00    0.00    0.00
12:12:49       3    0.00    0.00    0.00    0.00    0.00    2.30    0.00    0.00    0.00   97.70

12:12:49     CPU    %usr   %nice    %sys %iowait    %irq   %soft  %steal  %guest  %gnice   %idle
12:12:50     all    0.00    0.00    0.82    0.00    0.00   29.78    0.00    0.00    0.00   69.40
12:12:50       0    0.00    0.00    1.12    0.00    0.00    3.37    0.00    0.00    0.00   95.51
12:12:50       1    0.00    0.00    1.12    0.00    0.00    4.49    0.00    0.00    0.00   94.38
12:12:50       2    0.00    0.00    0.00    0.00    0.00  100.00    0.00    0.00    0.00    0.00
12:12:50       3    0.00    0.00    1.14    0.00    0.00    2.27    0.00    0.00    0.00   96.59

12:12:50     CPU    %usr   %nice    %sys %iowait    %irq   %soft  %steal  %guest  %gnice   %idle
12:12:51     all    0.00    0.00    0.81    0.00    0.00   29.81    0.00    0.00    0.00   69.38
12:12:51       0    0.00    0.00    1.10    0.00    0.00    4.40    0.00    0.00    0.00   94.51
12:12:51       1    0.00    0.00    1.14    0.00    0.00    2.27    0.00    0.00    0.00   96.59
12:12:51       2    0.00    0.00    0.00    0.00    0.00  100.00    0.00    0.00    0.00    0.00
12:12:51       3    0.00    0.00    1.11    0.00    0.00    4.44    0.00    0.00    0.00   94.44

12:12:51     CPU    %usr   %nice    %sys %iowait    %irq   %soft  %steal  %guest  %gnice   %idle
12:12:52     all    0.00    0.00    0.00    0.00    0.00   30.14    0.00    0.00    0.00   69.86
12:12:52       0    0.00    0.00    0.00    0.00    0.00    3.41    0.00    0.00    0.00   96.59
12:12:52       1    0.00    0.00    0.00    0.00    0.00    2.30    0.00    0.00    0.00   97.70
12:12:52       2    0.00    0.00    0.00    0.00    0.00  100.00    0.00    0.00    0.00    0.00
12:12:52       3    0.00    0.00    0.00    0.00    0.00    5.56    0.00    0.00    0.00   94.44

12:12:52     CPU    %usr   %nice    %sys %iowait    %irq   %soft  %steal  %guest  %gnice   %idle
12:12:53     all    0.00    0.00    0.82    0.82    0.00   30.25    0.00    0.00    0.00   68.12
12:12:53       0    0.00    0.00    0.00    0.00    0.00    5.56    0.00    0.00    0.00   94.44
12:12:53       1    0.00    0.00    1.14    3.41    0.00    3.41    0.00    0.00    0.00   92.05
12:12:53       2    0.00    0.00    0.00    0.00    0.00  100.00    0.00    0.00    0.00    0.00
12:12:53       3    0.00    0.00    2.25    0.00    0.00    3.37    0.00    0.00    0.00   94.38

12:12:53     CPU    %usr   %nice    %sys %iowait    %irq   %soft  %steal  %guest  %gnice   %idle
12:12:54     all    0.00    0.00    0.27    0.00    0.00   29.86    0.00    0.00    0.00   69.86
12:12:54       0    0.00    0.00    1.12    0.00    0.00    3.37    0.00    0.00    0.00   95.51
12:12:54       1    0.00    0.00    0.00    0.00    0.00    2.30    0.00    0.00    0.00   97.70
12:12:54       2    0.00    0.00    0.00    0.00    0.00  100.00    0.00    0.00    0.00    0.00
12:12:54       3    0.00    0.00    0.00    0.00    0.00    4.49    0.00    0.00    0.00   95.51

12:12:54     CPU    %usr   %nice    %sys %iowait    %irq   %soft  %steal  %guest  %gnice   %idle
12:12:55     all    0.00    0.00    0.27    0.00    0.00   29.86    0.00    0.00    0.00   69.86
12:12:55       0    0.00    0.00    0.00    0.00    0.00    2.27    0.00    0.00    0.00   97.73
12:12:55       1    0.00    0.00    0.00    0.00    0.00    5.62    0.00    0.00    0.00   94.38
12:12:55       2    0.00    0.00    0.00    0.00    0.00  100.00    0.00    0.00    0.00    0.00
12:12:55       3    0.00    0.00    1.14    0.00    0.00    2.27    0.00    0.00    0.00   96.59

12:12:55     CPU    %usr   %nice    %sys %iowait    %irq   %soft  %steal  %guest  %gnice   %idle
12:12:56     all    0.00    0.00    0.28    0.00    0.00   29.75    0.00    0.00    0.00   69.97
12:12:56       0    0.00    0.00    0.00    0.00    0.00    2.33    0.00    0.00    0.00   97.67
12:12:56       1    0.00    0.00    1.11    0.00    0.00    4.44    0.00    0.00    0.00   94.44
12:12:56       2    0.00    0.00    0.00    0.00    0.00  100.00    0.00    0.00    0.00    0.00
12:12:56       3    0.00    0.00    0.00    0.00    0.00    2.30    0.00    0.00    0.00   97.70

12:12:56     CPU    %usr   %nice    %sys %iowait    %irq   %soft  %steal  %guest  %gnice   %idle
12:12:57     all    0.00    0.00    0.27    0.00    0.00   30.16    0.00    0.00    0.00   69.57
12:12:57       0    0.00    0.00    1.11    0.00    0.00    4.44    0.00    0.00    0.00   94.44
12:12:57       1    0.00    0.00    0.00    0.00    0.00    4.49    0.00    0.00    0.00   95.51
12:12:57       2    0.00    0.00    0.00    0.00    0.00  100.00    0.00    0.00    0.00    0.00
12:12:57       3    0.00    0.00    0.00    0.00    0.00    3.37    0.00    0.00    0.00   96.63

12:12:57     CPU    %usr   %nice    %sys %iowait    %irq   %soft  %steal  %guest  %gnice   %idle
12:12:58     all    0.00    0.00    0.27    0.00    0.00   29.67    0.00    0.00    0.00   70.05
12:12:58       0    0.00    0.00    0.00    0.00    0.00    3.41    0.00    0.00    0.00   96.59
12:12:58       1    0.00    0.00    0.00    0.00    0.00    2.30    0.00    0.00    0.00   97.70
12:12:58       2    0.00    0.00    0.00    0.00    0.00  100.00    0.00    0.00    0.00    0.00
12:12:58       3    0.00    0.00    1.12    0.00    0.00    3.37    0.00    0.00    0.00   95.51

12:12:58     CPU    %usr   %nice    %sys %iowait    %irq   %soft  %steal  %guest  %gnice   %idle
12:12:59     all    0.00    0.00    0.54    1.09    0.00   29.97    0.00    0.00    0.00   68.39
12:12:59       0    0.00    0.00    1.11    0.00    0.00    4.44    0.00    0.00    0.00   94.44
12:12:59       1    0.00    0.00    1.11    4.44    0.00    4.44    0.00    0.00    0.00   90.00
12:12:59       2    0.00    0.00    0.00    0.00    0.00  100.00    0.00    0.00    0.00    0.00
12:12:59       3    0.00    0.00    0.00    0.00    0.00    2.30    0.00    0.00    0.00   97.70

12:12:59     CPU    %usr   %nice    %sys %iowait    %irq   %soft  %steal  %guest  %gnice   %idle
12:13:00     all    0.00    0.00    0.00    0.00    0.00   29.95    0.00    0.00    0.00   70.05
12:13:00       0    0.00    0.00    0.00    0.00    0.00    3.37    0.00    0.00    0.00   96.63
12:13:00       1    0.00    0.00    0.00    0.00    0.00    3.41    0.00    0.00    0.00   96.59
12:13:00       2    0.00    0.00    0.00    0.00    0.00  100.00    0.00    0.00    0.00    0.00
12:13:00       3    0.00    0.00    0.00    0.00    0.00    3.45    0.00    0.00    0.00   96.55

12:13:00     CPU    %usr   %nice    %sys %iowait    %irq   %soft  %steal  %guest  %gnice   %idle
12:13:01     all    0.00    0.00    0.55    0.00    0.00   29.78    0.00    0.00    0.00   69.67
12:13:01       0    0.00    0.00    1.14    0.00    0.00    2.27    0.00    0.00    0.00   96.59
12:13:01       1    0.00    0.00    1.14    0.00    0.00    2.27    0.00    0.00    0.00   96.59
12:13:01       2    0.00    0.00    0.00    0.00    0.00  100.00    0.00    0.00    0.00    0.00
12:13:01       3    0.00    0.00    0.00    0.00    0.00    5.56    0.00    0.00    0.00   94.44

Average:     CPU    %usr   %nice    %sys %iowait    %irq   %soft  %steal  %guest  %gnice   %idle
Average:     all    0.02    0.00    0.47    0.17    0.00   28.97    0.00    0.00    0.00   70.38
Average:       0    0.08    0.00    0.72    0.04    0.00    2.98    0.00    0.00    0.00   96.19
Average:       1    0.00    0.00    0.67    0.65    0.00    3.40    0.00    0.00    0.00   95.28
Average:       2    0.00    0.00    0.02    0.00    0.00   97.36    0.00    0.00    0.00    2.62
Average:       3    0.00    0.00    0.53    0.00    0.00    3.36    0.00    0.00    0.00   96.11
